1,49,49
2,50,49
3,51,49
4,51,50
5,51,51
6,50,51
7,49,51
8,49,50
9,47,46
9,48,46
9,46,47
9,47,47
9,48,47
9,46,48
9,47,48
9,48,48
10,49,46
10,49,47
10,49,48
11,50,46
11,50,47
11,50,48
12,51,46
12,51,47
12,51,48
13,52,46
13,53,46
13,52,47
13,53,47
13,54,47
13,52,48
13,53,48
13,54,48
14,52,49
14,53,49
14,54,49
15,52,50
15,53,50
15,54,50
16,52,51
16,53,51
16,54,51
17,52,52
17,53,52
17,54,52
17,52,53
17,53,53
17,54,53
17,52,54
17,53,54
18,51,52
18,51,53
18,51,54
19,50,52
19,50,53
19,50,54
20,49,52
20,49,53
20,49,54
21,46,52
21,47,52
21,48,52
21,46,53
21,47,53
21,48,53
21,47,54
21,48,54
22,46,51
22,47,51
22,48,51
23,46,50
23,47,50
23,48,50
24,46,49
24,47,49
24,48,49
25,44,40
25,45,40
25,41,41
25,42,41
25,43,41
25,44,41
25,45,41
25,41,42
25,42,42
25,43,42
25,44,42
25,45,42
25,41,43
25,42,43
25,43,43
25,44,43
25,45,43
25,40,44
25,41,44
25,42,44
25,43,44
25,44,44
25,45,44
25,40,45
25,41,45
25,42,45
25,43,45
25,44,45
25,45,45
26,46,40
26,46,41
26,47,41
26,46,42
26,47,42
26,46,43
26,47,43
26,46,44
26,47,44
26,46,45
26,47,45
26,46,46
27,48,40
27,49,40
27,48,41
27,49,41
27,48,42
27,49,42
27,48,43
27,49,43
27,48,44
27,49,44
27,48,45
27,49,45
28,50,40
28,51,40
28,50,41
28,51,41
28,50,42
28,51,42
28,50,43
28,51,43
28,50,44
28,51,44
28,50,45
28,51,45
29,52,40
29,53,40
29,52,41
29,53,41
29,52,42
29,53,42
29,52,43
29,53,43
29,52,44
29,53,44
29,52,45
29,53,45
30,54,40
30,55,40
30,54,41
30,55,41
30,54,42
30,55,42
30,54,43
30,55,43
30,54,44
30,55,44
30,54,45
30,55,45
30,54,46
31,56,40
31,56,41
31,57,41
31,58,41
31,59,41
31,56,42
31,57,42
31,58,42
31,59,42
31,56,43
31,57,43
31,58,43
31,59,43
31,56,44
31,57,44
31,58,44
31,59,44
31,60,44
31,56,45
31,57,45
31,58,45
31,59,45
31,60,45
32,55,46
32,56,46
32,57,46
32,58,46
32,59,46
32,60,46
32,55,47
32,56,47
32,57,47
32,58,47
32,59,47
33,55,48
33,56,48
33,57,48
33,58,48
33,59,48
33,60,48
33,55,49
33,56,49
33,57,49
33,58,49
33,59,49
33,60,49
34,55,50
34,56,50
34,57,50
34,58,50
34,59,50
34,60,50
34,55,51
34,56,51
34,57,51
34,58,51
34,59,51
34,60,51
35,55,52
35,56,52
35,57,52
35,58,52
35,59,52
35,60,52
35,55,53
35,56,53
35,57,53
35,58,53
35,59,53
35,60,53
36,54,54
36,55,54
36,56,54
36,57,54
36,58,54
36,59,54
36,60,54
36,55,55
36,56,55
36,57,55
36,58,55
36,59,55
36,60,55
37,55,56
37,56,56
37,57,56
37,58,56
37,59,56
37,60,56
37,55,57
37,56,57
37,57,57
37,58,57
37,59,57
37,55,58
37,56,58
37,57,58
37,58,58
37,59,58
37,55,59
37,56,59
37,57,59
37,58,59
37,59,59
37,55,60
37,56,60
38,53,55
38,54,55
38,53,56
38,54,56
38,53,57
38,54,57
38,53,58
38,54,58
38,53,59
38,54,59
38,54,60
39,51,55
39,52,55
39,51,56
39,52,56
39,51,57
39,52,57
39,51,58
39,52,58
39,51,59
39,52,59
39,51,60
39,52,60
40,49,55
40,50,55
40,49,56
40,50,56
40,49,57
40,50,57
40,49,58
40,50,58
40,49,59
40,50,59
40,49,60
40,50,60
41,47,55
41,48,55
41,47,56
41,48,56
41,47,57
41,48,57
41,47,58
41,48,58
41,47,59
41,48,59
41,47,60
41,48,60
42,46,54
42,45,55
42,46,55
42,45,56
42,46,56
42,45,57
42,46,57
42,45,58
42,46,58
42,45,59
42,46,59
42,45,60
42,46,60
43,40,55
43,41,55
43,42,55
43,43,55
43,44,55
43,40,56
43,41,56
43,42,56
43,43,56
43,44,56
43,41,57
43,42,57
43,43,57
43,44,57
43,41,58
43,42,58
43,43,58
43,44,58
43,41,59
43,42,59
43,43,59
43,44,59
43,44,60
44,41,53
44,42,53
44,43,53
44,44,53
44,45,53
44,40,54
44,41,54
44,42,54
44,43,54
44,44,54
44,45,54
45,40,51
45,41,51
45,42,51
45,43,51
45,44,51
45,45,51
45,40,52
45,41,52
45,42,52
45,43,52
45,44,52
45,45,52
46,40,49
46,41,49
46,42,49
46,43,49
46,44,49
46,45,49
46,40,50
46,41,50
46,42,50
46,43,50
46,44,50
46,45,50
47,40,47
47,41,47
47,42,47
47,43,47
47,44,47
47,45,47
47,40,48
47,41,48
47,42,48
47,43,48
47,44,48
47,45,48
48,40,46
48,41,46
48,42,46
48,43,46
48,44,46
48,45,46
49,31,26
49,32,26
49,33,26
49,34,26
49,35,26
49,36,26
49,37,26
49,38,26
49,28,27
49,29,27
49,30,27
49,31,27
49,32,27
49,33,27
49,34,27
49,35,27
49,36,27
49,37,27
49,38,27
49,27,28
49,28,28
49,29,28
49,30,28
49,31,28
49,32,28
49,33,28
49,34,28
49,35,28
49,36,28
49,37,28
49,38,28
49,27,29
49,28,29
49,29,29
49,30,29
49,31,29
49,32,29
49,33,29
49,34,29
49,35,29
49,36,29
49,37,29
49,38,29
49,27,30
49,28,30
49,29,30
49,30,30
49,31,30
49,32,30
49,33,30
49,34,30
49,35,30
49,36,30
49,37,30
49,38,30
49,26,31
49,27,31
49,28,31
49,29,31
49,30,31
49,31,31
49,32,31
49,33,31
49,34,31
49,35,31
49,36,31
49,37,31
49,38,31
49,26,32
49,27,32
49,28,32
49,29,32
49,30,32
49,31,32
49,32,32
49,33,32
49,34,32
49,35,32
49,36,32
49,37,32
49,38,32
49,26,33
49,27,33
49,28,33
49,29,33
49,30,33
49,31,33
49,32,33
49,33,33
49,34,33
49,35,33
49,36,33
49,37,33
49,38,33
49,26,34
49,27,34
49,28,34
49,29,34
49,30,34
49,31,34
49,32,34
49,33,34
49,34,34
49,35,34
49,36,34
49,37,34
49,38,34
49,26,35
49,27,35
49,28,35
49,29,35
49,30,35
49,31,35
49,32,35
49,33,35
49,34,35
49,35,35
49,36,35
49,37,35
49,38,35
49,26,36
49,27,36
49,28,36
49,29,36
49,30,36
49,31,36
49,32,36
49,33,36
49,34,36
49,35,36
49,36,36
49,37,36
49,38,36
49,26,37
49,27,37
49,28,37
49,29,37
49,30,37
49,31,37
49,32,37
49,33,37
49,34,37
49,35,37
49,36,37
49,37,37
49,38,37
50,39,26
50,40,26
50,41,26
50,39,27
50,40,27
50,41,27
50,39,28
50,40,28
50,41,28
50,39,29
50,40,29
50,41,29
50,39,30
50,40,30
50,41,30
50,39,31
50,40,31
50,41,31
50,39,32
50,40,32
50,41,32
50,39,33
50,40,33
50,41,33
50,39,34
50,40,34
50,41,34
50,39,35
50,40,35
50,41,35
50,39,36
50,40,36
50,41,36
50,39,37
50,40,37
50,41,37
50,39,38
50,40,38
50,41,38
50,40,39
50,41,39
50,40,40
50,41,40
51,42,26
51,43,26
51,44,26
51,45,26
51,42,27
51,43,27
51,44,27
51,45,27
51,42,28
51,43,28
51,44,28
51,45,28
51,42,29
51,43,29
51,44,29
51,45,29
51,42,30
51,43,30
51,44,30
51,45,30
51,42,31
51,43,31
51,44,31
51,45,31
51,42,32
51,43,32
51,44,32
51,45,32
51,42,33
51,43,33
51,44,33
51,45,33
51,42,34
51,43,34
51,44,34
51,45,34
51,42,35
51,43,35
51,44,35
51,45,35
51,42,36
51,43,36
51,44,36
51,45,36
51,42,37
51,43,37
51,44,37
51,45,37
51,42,38
51,43,38
51,44,38
51,45,38
51,42,39
51,43,39
51,44,39
51,45,39
51,42,40
51,43,40
52,46,26
52,47,26
52,48,26
52,46,27
52,47,27
52,48,27
52,46,28
52,47,28
52,48,28
52,46,29
52,47,29
52,48,29
52,46,30
52,47,30
52,48,30
52,46,31
52,47,31
52,48,31
52,46,32
52,47,32
52,48,32
52,46,33
52,47,33
52,48,33
52,46,34
52,47,34
52,48,34
52,46,35
52,47,35
52,48,35
52,46,36
52,47,36
52,48,36
52,46,37
52,47,37
52,48,37
52,46,38
52,47,38
52,48,38
52,46,39
52,47,39
52,48,39
52,47,40
53,49,26
53,50,26
53,51,26
53,52,26
53,49,27
53,50,27
53,51,27
53,52,27
53,49,28
53,50,28
53,51,28
53,52,28
53,49,29
53,50,29
53,51,29
53,52,29
53,49,30
53,50,30
53,51,30
53,52,30
53,49,31
53,50,31
53,51,31
53,52,31
53,49,32
53,50,32
53,51,32
53,52,32
53,49,33
53,50,33
53,51,33
53,52,33
53,49,34
53,50,34
53,51,34
53,52,34
53,49,35
53,50,35
53,51,35
53,52,35
53,49,36
53,50,36
53,51,36
53,52,36
53,49,37
53,50,37
53,51,37
53,52,37
53,49,38
53,50,38
53,51,38
53,52,38
53,49,39
53,50,39
53,51,39
53,52,39
54,53,26
54,54,26
54,55,26
54,53,27
54,54,27
54,55,27
54,53,28
54,54,28
54,55,28
54,53,29
54,54,29
54,55,29
54,53,30
54,54,30
54,55,30
54,53,31
54,54,31
54,55,31
54,53,32
54,54,32
54,55,32
54,53,33
54,54,33
54,55,33
54,53,34
54,54,34
54,55,34
54,53,35
54,54,35
54,55,35
54,53,36
54,54,36
54,55,36
54,53,37
54,54,37
54,55,37
54,53,38
54,54,38
54,55,38
54,53,39
54,54,39
54,55,39
55,56,26
55,57,26
55,58,26
55,59,26
55,56,27
55,57,27
55,58,27
55,59,27
55,56,28
55,57,28
55,58,28
55,59,28
55,56,29
55,57,29
55,58,29
55,59,29
55,56,30
55,57,30
55,58,30
55,59,30
55,56,31
55,57,31
55,58,31
55,59,31
55,56,32
55,57,32
55,58,32
55,59,32
55,56,33
55,57,33
55,58,33
55,59,33
55,56,34
55,57,34
55,58,34
55,59,34
55,56,35
55,57,35
55,58,35
55,59,35
55,56,36
55,57,36
55,58,36
55,59,36
55,56,37
55,57,37
55,58,37
55,59,37
55,56,38
55,57,38
55,58,38
55,59,38
55,56,39
55,57,39
55,58,39
55,59,39
55,57,40
55,58,40
55,59,40
56,60,26
56,61,26
56,62,26
56,60,27
56,61,27
56,62,27
56,60,28
56,61,28
56,62,28
56,60,29
56,61,29
56,62,29
56,60,30
56,61,30
56,62,30
56,60,31
56,61,31
56,62,31
56,60,32
56,61,32
56,62,32
56,60,33
56,61,33
56,62,33
56,60,34
56,61,34
56,62,34
56,60,35
56,61,35
56,62,35
56,60,36
56,61,36
56,62,36
56,60,37
56,61,37
56,62,37
56,60,38
56,61,38
56,62,38
56,60,39
56,61,39
57,63,26
57,64,26
57,65,26
57,66,26
57,67,26
57,68,26
57,69,26
57,63,27
57,64,27
57,65,27
57,66,27
57,67,27
57,68,27
57,69,27
57,70,27
57,71,27
57,72,27
57,63,28
57,64,28
57,65,28
57,66,28
57,67,28
57,68,28
57,69,28
57,70,28
57,71,28
57,72,28
57,73,28
57,63,29
57,64,29
57,65,29
57,66,29
57,67,29
57,68,29
57,69,29
57,70,29
57,71,29
57,72,29
57,73,29
57,63,30
57,64,30
57,65,30
57,66,30
57,67,30
57,68,30
57,69,30
57,70,30
57,71,30
57,72,30
57,73,30
57,63,31
57,64,31
57,65,31
57,66,31
57,67,31
57,68,31
57,69,31
57,70,31
57,71,31
57,72,31
57,73,31
57,74,31
57,63,32
57,64,32
57,65,32
57,66,32
57,67,32
57,68,32
57,69,32
57,70,32
57,71,32
57,72,32
57,73,32
57,74,32
57,63,33
57,64,33
57,65,33
57,66,33
57,67,33
57,68,33
57,69,33
57,70,33
57,71,33
57,72,33
57,73,33
57,74,33
57,63,34
57,64,34
57,65,34
57,66,34
57,67,34
57,68,34
57,69,34
57,70,34
57,71,34
57,72,34
57,73,34
57,74,34
57,63,35
57,64,35
57,65,35
57,66,35
57,67,35
57,68,35
57,69,35
57,70,35
57,71,35
57,72,35
57,73,35
57,74,35
57,63,36
57,64,36
57,65,36
57,66,36
57,67,36
57,68,36
57,69,36
57,70,36
57,71,36
57,72,36
57,73,36
57,74,36
57,63,37
57,64,37
57,65,37
57,66,37
57,67,37
57,68,37
57,69,37
57,70,37
57,71,37
57,72,37
57,73,37
57,74,37
57,63,38
57,64,38
57,65,38
57,66,38
57,67,38
57,68,38
57,69,38
57,70,38
57,71,38
57,72,38
57,73,38
57,74,38
58,62,39
58,63,39
58,64,39
58,65,39
58,66,39
58,67,39
58,68,39
58,69,39
58,70,39
58,71,39
58,72,39
58,73,39
58,74,39
58,60,40
58,61,40
58,62,40
58,63,40
58,64,40
58,65,40
58,66,40
58,67,40
58,68,40
58,69,40
58,70,40
58,71,40
58,72,40
58,73,40
58,74,40
58,60,41
58,61,41
58,62,41
58,63,41
58,64,41
58,65,41
58,66,41
58,67,41
58,68,41
58,69,41
58,70,41
58,71,41
58,72,41
58,73,41
58,74,41
59,60,42
59,61,42
59,62,42
59,63,42
59,64,42
59,65,42
59,66,42
59,67,42
59,68,42
59,69,42
59,70,42
59,71,42
59,72,42
59,73,42
59,74,42
59,60,43
59,61,43
59,62,43
59,63,43
59,64,43
59,65,43
59,66,43
59,67,43
59,68,43
59,69,43
59,70,43
59,71,43
59,72,43
59,73,43
59,74,43
59,61,44
59,62,44
59,63,44
59,64,44
59,65,44
59,66,44
59,67,44
59,68,44
59,69,44
59,70,44
59,71,44
59,72,44
59,73,44
59,74,44
59,61,45
59,62,45
59,63,45
59,64,45
59,65,45
59,66,45
59,67,45
59,68,45
59,69,45
59,70,45
59,71,45
59,72,45
59,73,45
59,74,45
60,61,46
60,62,46
60,63,46
60,64,46
60,65,46
60,66,46
60,67,46
60,68,46
60,69,46
60,70,46
60,71,46
60,72,46
60,73,46
60,74,46
60,60,47
60,61,47
60,62,47
60,63,47
60,64,47
60,65,47
60,66,47
60,67,47
60,68,47
60,69,47
60,70,47
60,71,47
60,72,47
60,73,47
60,74,47
60,61,48
60,62,48
60,63,48
60,64,48
60,65,48
60,66,48
60,67,48
60,68,48
60,69,48
60,70,48
60,71,48
60,72,48
60,73,48
60,74,48
61,61,49
61,62,49
61,63,49
61,64,49
61,65,49
61,66,49
61,67,49
61,68,49
61,69,49
61,70,49
61,71,49
61,72,49
61,73,49
61,74,49
61,61,50
61,62,50
61,63,50
61,64,50
61,65,50
61,66,50
61,67,50
61,68,50
61,69,50
61,70,50
61,71,50
61,72,50
61,73,50
61,74,50
61,61,51
61,62,51
61,63,51
61,64,51
61,65,51
61,66,51
61,67,51
61,68,51
61,69,51
61,70,51
61,71,51
61,72,51
61,73,51
61,74,51
61,61,52
61,62,52
61,63,52
61,64,52
61,65,52
61,66,52
61,67,52
61,68,52
61,69,52
61,70,52
61,71,52
61,72,52
61,73,52
61,74,52
62,61,53
62,62,53
62,63,53
62,64,53
62,65,53
62,66,53
62,67,53
62,68,53
62,69,53
62,70,53
62,71,53
62,72,53
62,73,53
62,74,53
62,61,54
62,62,54
62,63,54
62,64,54
62,65,54
62,66,54
62,67,54
62,68,54
62,69,54
62,70,54
62,71,54
62,72,54
62,73,54
62,74,54
62,61,55
62,62,55
62,63,55
62,64,55
62,65,55
62,66,55
62,67,55
62,68,55
62,69,55
62,70,55
62,71,55
62,72,55
62,73,55
62,74,55
63,61,56
63,62,56
63,63,56
63,64,56
63,65,56
63,66,56
63,67,56
63,68,56
63,69,56
63,70,56
63,71,56
63,72,56
63,73,56
63,74,56
63,60,57
63,61,57
63,62,57
63,63,57
63,64,57
63,65,57
63,66,57
63,67,57
63,68,57
63,69,57
63,70,57
63,71,57
63,72,57
63,73,57
63,74,57
63,60,58
63,61,58
63,62,58
63,63,58
63,64,58
63,65,58
63,66,58
63,67,58
63,68,58
63,69,58
63,70,58
63,71,58
63,72,58
63,73,58
63,74,58
63,60,59
63,61,59
63,62,59
63,63,59
63,64,59
63,65,59
63,66,59
63,67,59
63,68,59
63,69,59
63,70,59
63,71,59
63,72,59
63,73,59
63,74,59
64,61,60
64,62,60
64,63,60
64,64,60
64,65,60
64,66,60
64,67,60
64,68,60
64,69,60
64,70,60
64,71,60
64,72,60
64,73,60
64,74,60
64,61,61
64,62,61
64,63,61
64,64,61
64,65,61
64,66,61
64,67,61
64,68,61
64,69,61
64,70,61
64,71,61
64,72,61
64,73,61
64,74,61
64,62,62
64,63,62
64,64,62
64,65,62
64,66,62
64,67,62
64,68,62
64,69,62
64,70,62
64,71,62
64,72,62
64,73,62
64,74,62
65,62,63
65,63,63
65,64,63
65,65,63
65,66,63
65,67,63
65,68,63
65,69,63
65,70,63
65,71,63
65,72,63
65,73,63
65,74,63
65,62,64
65,63,64
65,64,64
65,65,64
65,66,64
65,67,64
65,68,64
65,69,64
65,70,64
65,71,64
65,72,64
65,73,64
65,74,64
65,62,65
65,63,65
65,64,65
65,65,65
65,66,65
65,67,65
65,68,65
65,69,65
65,70,65
65,71,65
65,72,65
65,73,65
65,74,65
65,62,66
65,63,66
65,64,66
65,65,66
65,66,66
65,67,66
65,68,66
65,69,66
65,70,66
65,71,66
65,72,66
65,73,66
65,74,66
65,62,67
65,63,67
65,64,67
65,65,67
65,66,67
65,67,67
65,68,67
65,69,67
65,70,67
65,71,67
65,72,67
65,73,67
65,74,67
65,62,68
65,63,68
65,64,68
65,65,68
65,66,68
65,67,68
65,68,68
65,69,68
65,70,68
65,71,68
65,72,68
65,73,68
65,74,68
65,62,69
65,63,69
65,64,69
65,65,69
65,66,69
65,67,69
65,68,69
65,69,69
65,70,69
65,71,69
65,72,69
65,73,69
65,74,69
65,62,70
65,63,70
65,64,70
65,65,70
65,66,70
65,67,70
65,68,70
65,69,70
65,70,70
65,71,70
65,72,70
65,73,70
65,62,71
65,63,71
65,64,71
65,65,71
65,66,71
65,67,71
65,68,71
65,69,71
65,70,71
65,71,71
65,72,71
65,73,71
65,62,72
65,63,72
65,64,72
65,65,72
65,66,72
65,67,72
65,68,72
65,69,72
65,70,72
65,71,72
65,72,72
65,73,72
65,62,73
65,63,73
65,64,73
65,65,73
65,66,73
65,67,73
65,68,73
65,69,73
65,70,73
65,71,73
65,72,73
65,62,74
65,63,74
65,64,74
65,65,74
65,66,74
65,67,74
65,68,74
65,69,74
66,59,60
66,60,60
66,59,61
66,60,61
66,59,62
66,60,62
66,61,62
66,59,63
66,60,63
66,61,63
66,59,64
66,60,64
66,61,64
66,59,65
66,60,65
66,61,65
66,59,66
66,60,66
66,61,66
66,59,67
66,60,67
66,61,67
66,59,68
66,60,68
66,61,68
66,59,69
66,60,69
66,61,69
66,59,70
66,60,70
66,61,70
66,59,71
66,60,71
66,61,71
66,59,72
66,60,72
66,61,72
66,59,73
66,60,73
66,61,73
66,59,74
66,60,74
66,61,74
67,57,60
67,58,60
67,55,61
67,56,61
67,57,61
67,58,61
67,55,62
67,56,62
67,57,62
67,58,62
67,55,63
67,56,63
67,57,63
67,58,63
67,55,64
67,56,64
67,57,64
67,58,64
67,55,65
67,56,65
67,57,65
67,58,65
67,55,66
67,56,66
67,57,66
67,58,66
67,55,67
67,56,67
67,57,67
67,58,67
67,55,68
67,56,68
67,57,68
67,58,68
67,55,69
67,56,69
67,57,69
67,58,69
67,55,70
67,56,70
67,57,70
67,58,70
67,55,71
67,56,71
67,57,71
67,58,71
67,55,72
67,56,72
67,57,72
67,58,72
67,55,73
67,56,73
67,57,73
67,58,73
67,55,74
67,56,74
67,57,74
67,58,74
68,53,60
68,52,61
68,53,61
68,54,61
68,52,62
68,53,62
68,54,62
68,52,63
68,53,63
68,54,63
68,52,64
68,53,64
68,54,64
68,52,65
68,53,65
68,54,65
68,52,66
68,53,66
68,54,66
68,52,67
68,53,67
68,54,67
68,52,68
68,53,68
68,54,68
68,52,69
68,53,69
68,54,69
68,52,70
68,53,70
68,54,70
68,52,71
68,53,71
68,54,71
68,52,72
68,53,72
68,54,72
68,52,73
68,53,73
68,54,73
68,52,74
68,53,74
68,54,74
69,48,61
69,49,61
69,50,61
69,51,61
69,48,62
69,49,62
69,50,62
69,51,62
69,48,63
69,49,63
69,50,63
69,51,63
69,48,64
69,49,64
69,50,64
69,51,64
69,48,65
69,49,65
69,50,65
69,51,65
69,48,66
69,49,66
69,50,66
69,51,66
69,48,67
69,49,67
69,50,67
69,51,67
69,48,68
69,49,68
69,50,68
69,51,68
69,48,69
69,49,69
69,50,69
69,51,69
69,48,70
69,49,70
69,50,70
69,51,70
69,48,71
69,49,71
69,50,71
69,51,71
69,48,72
69,49,72
69,50,72
69,51,72
69,48,73
69,49,73
69,50,73
69,51,73
69,48,74
69,49,74
69,50,74
69,51,74
70,45,61
70,46,61
70,47,61
70,45,62
70,46,62
70,47,62
70,45,63
70,46,63
70,47,63
70,45,64
70,46,64
70,47,64
70,45,65
70,46,65
70,47,65
70,45,66
70,46,66
70,47,66
70,45,67
70,46,67
70,47,67
70,45,68
70,46,68
70,47,68
70,45,69
70,46,69
70,47,69
70,45,70
70,46,70
70,47,70
70,45,71
70,46,71
70,47,71
70,45,72
70,46,72
70,47,72
70,45,73
70,46,73
70,47,73
70,45,74
70,46,74
70,47,74
71,41,60
71,42,60
71,43,60
71,41,61
71,42,61
71,43,61
71,44,61
71,41,62
71,42,62
71,43,62
71,44,62
71,41,63
71,42,63
71,43,63
71,44,63
71,41,64
71,42,64
71,43,64
71,44,64
71,41,65
71,42,65
71,43,65
71,44,65
71,41,66
71,42,66
71,43,66
71,44,66
71,41,67
71,42,67
71,43,67
71,44,67
71,41,68
71,42,68
71,43,68
71,44,68
71,41,69
71,42,69
71,43,69
71,44,69
71,41,70
71,42,70
71,43,70
71,44,70
71,41,71
71,42,71
71,43,71
71,44,71
71,41,72
71,42,72
71,43,72
71,44,72
71,41,73
71,42,73
71,43,73
71,44,73
71,41,74
71,42,74
71,43,74
71,44,74
72,39,61
72,40,61
72,38,62
72,39,62
72,40,62
72,38,63
72,39,63
72,40,63
72,38,64
72,39,64
72,40,64
72,38,65
72,39,65
72,40,65
72,38,66
72,39,66
72,40,66
72,38,67
72,39,67
72,40,67
72,38,68
72,39,68
72,40,68
72,38,69
72,39,69
72,40,69
72,38,70
72,39,70
72,40,70
72,38,71
72,39,71
72,40,71
72,38,72
72,39,72
72,40,72
72,38,73
72,39,73
72,40,73
72,38,74
72,39,74
72,40,74
73,26,62
73,27,62
73,28,62
73,29,62
73,30,62
73,31,62
73,32,62
73,33,62
73,34,62
73,35,62
73,36,62
73,37,62
73,26,63
73,27,63
73,28,63
73,29,63
73,30,63
73,31,63
73,32,63
73,33,63
73,34,63
73,35,63
73,36,63
73,37,63
73,26,64
73,27,64
73,28,64
73,29,64
73,30,64
73,31,64
73,32,64
73,33,64
73,34,64
73,35,64
73,36,64
73,37,64
73,26,65
73,27,65
73,28,65
73,29,65
73,30,65
73,31,65
73,32,65
73,33,65
73,34,65
73,35,65
73,36,65
73,37,65
73,26,66
73,27,66
73,28,66
73,29,66
73,30,66
73,31,66
73,32,66
73,33,66
73,34,66
73,35,66
73,36,66
73,37,66
73,26,67
73,27,67
73,28,67
73,29,67
73,30,67
73,31,67
73,32,67
73,33,67
73,34,67
73,35,67
73,36,67
73,37,67
73,26,68
73,27,68
73,28,68
73,29,68
73,30,68
73,31,68
73,32,68
73,33,68
73,34,68
73,35,68
73,36,68
73,37,68
73,26,69
73,27,69
73,28,69
73,29,69
73,30,69
73,31,69
73,32,69
73,33,69
73,34,69
73,35,69
73,36,69
73,37,69
73,27,70
73,28,70
73,29,70
73,30,70
73,31,70
73,32,70
73,33,70
73,34,70
73,35,70
73,36,70
73,37,70
73,27,71
73,28,71
73,29,71
73,30,71
73,31,71
73,32,71
73,33,71
73,34,71
73,35,71
73,36,71
73,37,71
73,27,72
73,28,72
73,29,72
73,30,72
73,31,72
73,32,72
73,33,72
73,34,72
73,35,72
73,36,72
73,37,72
73,28,73
73,29,73
73,30,73
73,31,73
73,32,73
73,33,73
73,34,73
73,35,73
73,36,73
73,37,73
73,31,74
73,32,74
73,33,74
73,34,74
73,35,74
73,36,74
73,37,74
74,26,59
74,27,59
74,28,59
74,29,59
74,30,59
74,31,59
74,32,59
74,33,59
74,34,59
74,35,59
74,36,59
74,37,59
74,38,59
74,39,59
74,40,59
74,26,60
74,27,60
74,28,60
74,29,60
74,30,60
74,31,60
74,32,60
74,33,60
74,34,60
74,35,60
74,36,60
74,37,60
74,38,60
74,39,60
74,40,60
74,26,61
74,27,61
74,28,61
74,29,61
74,30,61
74,31,61
74,32,61
74,33,61
74,34,61
74,35,61
74,36,61
74,37,61
74,38,61
75,26,55
75,27,55
75,28,55
75,29,55
75,30,55
75,31,55
75,32,55
75,33,55
75,34,55
75,35,55
75,36,55
75,37,55
75,38,55
75,39,55
75,26,56
75,27,56
75,28,56
75,29,56
75,30,56
75,31,56
75,32,56
75,33,56
75,34,56
75,35,56
75,36,56
75,37,56
75,38,56
75,39,56
75,26,57
75,27,57
75,28,57
75,29,57
75,30,57
75,31,57
75,32,57
75,33,57
75,34,57
75,35,57
75,36,57
75,37,57
75,38,57
75,39,57
75,40,57
75,26,58
75,27,58
75,28,58
75,29,58
75,30,58
75,31,58
75,32,58
75,33,58
75,34,58
75,35,58
75,36,58
75,37,58
75,38,58
75,39,58
75,40,58
76,26,52
76,27,52
76,28,52
76,29,52
76,30,52
76,31,52
76,32,52
76,33,52
76,34,52
76,35,52
76,36,52
76,37,52
76,38,52
76,39,52
76,26,53
76,27,53
76,28,53
76,29,53
76,30,53
76,31,53
76,32,53
76,33,53
76,34,53
76,35,53
76,36,53
76,37,53
76,38,53
76,39,53
76,40,53
76,26,54
76,27,54
76,28,54
76,29,54
76,30,54
76,31,54
76,32,54
76,33,54
76,34,54
76,35,54
76,36,54
76,37,54
76,38,54
76,39,54
77,26,48
77,27,48
77,28,48
77,29,48
77,30,48
77,31,48
77,32,48
77,33,48
77,34,48
77,35,48
77,36,48
77,37,48
77,38,48
77,39,48
77,26,49
77,27,49
77,28,49
77,29,49
77,30,49
77,31,49
77,32,49
77,33,49
77,34,49
77,35,49
77,36,49
77,37,49
77,38,49
77,39,49
77,26,50
77,27,50
77,28,50
77,29,50
77,30,50
77,31,50
77,32,50
77,33,50
77,34,50
77,35,50
77,36,50
77,37,50
77,38,50
77,39,50
77,26,51
77,27,51
77,28,51
77,29,51
77,30,51
77,31,51
77,32,51
77,33,51
77,34,51
77,35,51
77,36,51
77,37,51
77,38,51
77,39,51
78,26,45
78,27,45
78,28,45
78,29,45
78,30,45
78,31,45
78,32,45
78,33,45
78,34,45
78,35,45
78,36,45
78,37,45
78,38,45
78,39,45
78,26,46
78,27,46
78,28,46
78,29,46
78,30,46
78,31,46
78,32,46
78,33,46
78,34,46
78,35,46
78,36,46
78,37,46
78,38,46
78,39,46
78,26,47
78,27,47
78,28,47
78,29,47
78,30,47
78,31,47
78,32,47
78,33,47
78,34,47
78,35,47
78,36,47
78,37,47
78,38,47
78,39,47
79,26,41
79,27,41
79,28,41
79,29,41
79,30,41
79,31,41
79,32,41
79,33,41
79,34,41
79,35,41
79,36,41
79,37,41
79,38,41
79,39,41
79,40,41
79,26,42
79,27,42
79,28,42
79,29,42
79,30,42
79,31,42
79,32,42
79,33,42
79,34,42
79,35,42
79,36,42
79,37,42
79,38,42
79,39,42
79,40,42
79,26,43
79,27,43
79,28,43
79,29,43
79,30,43
79,31,43
79,32,43
79,33,43
79,34,43
79,35,43
79,36,43
79,37,43
79,38,43
79,39,43
79,40,43
79,26,44
79,27,44
79,28,44
79,29,44
79,30,44
79,31,44
79,32,44
79,33,44
79,34,44
79,35,44
79,36,44
79,37,44
79,38,44
79,39,44
80,26,38
80,27,38
80,28,38
80,29,38
80,30,38
80,31,38
80,32,38
80,33,38
80,34,38
80,35,38
80,36,38
80,37,38
80,38,38
80,26,39
80,27,39
80,28,39
80,29,39
80,30,39
80,31,39
80,32,39
80,33,39
80,34,39
80,35,39
80,36,39
80,37,39
80,38,39
80,39,39
80,26,40
80,27,40
80,28,40
80,29,40
80,30,40
80,31,40
80,32,40
80,33,40
80,34,40
80,35,40
80,36,40
80,37,40
80,38,40
80,39,40
81,0,0
81,1,0
81,2,0
81,3,0
81,4,0
81,5,0
81,6,0
81,7,0
81,8,0
81,9,0
81,10,0
81,11,0
81,12,0
81,13,0
81,14,0
81,15,0
81,16,0
81,17,0
81,18,0
81,0,1
81,1,1
81,2,1
81,3,1
81,4,1
81,5,1
81,6,1
81,7,1
81,8,1
81,9,1
81,10,1
81,11,1
81,12,1
81,13,1
81,14,1
81,15,1
81,16,1
81,17,1
81,18,1
81,0,2
81,1,2
81,2,2
81,3,2
81,4,2
81,5,2
81,6,2
81,7,2
81,8,2
81,9,2
81,10,2
81,11,2
81,12,2
81,13,2
81,14,2
81,15,2
81,16,2
81,17,2
81,18,2
81,0,3
81,1,3
81,2,3
81,3,3
81,4,3
81,5,3
81,6,3
81,7,3
81,8,3
81,9,3
81,10,3
81,11,3
81,12,3
81,13,3
81,14,3
81,15,3
81,16,3
81,17,3
81,18,3
81,0,4
81,1,4
81,2,4
81,3,4
81,4,4
81,5,4
81,6,4
81,7,4
81,8,4
81,9,4
81,10,4
81,11,4
81,12,4
81,13,4
81,14,4
81,15,4
81,16,4
81,17,4
81,18,4
81,0,5
81,1,5
81,2,5
81,3,5
81,4,5
81,5,5
81,6,5
81,7,5
81,8,5
81,9,5
81,10,5
81,11,5
81,12,5
81,13,5
81,14,5
81,15,5
81,16,5
81,17,5
81,18,5
81,0,6
81,1,6
81,2,6
81,3,6
81,4,6
81,5,6
81,6,6
81,7,6
81,8,6
81,9,6
81,10,6
81,11,6
81,12,6
81,13,6
81,14,6
81,15,6
81,16,6
81,17,6
81,18,6
81,0,7
81,1,7
81,2,7
81,3,7
81,4,7
81,5,7
81,6,7
81,7,7
81,8,7
81,9,7
81,10,7
81,11,7
81,12,7
81,13,7
81,14,7
81,15,7
81,16,7
81,17,7
81,18,7
81,0,8
81,1,8
81,2,8
81,3,8
81,4,8
81,5,8
81,6,8
81,7,8
81,8,8
81,9,8
81,10,8
81,11,8
81,12,8
81,13,8
81,14,8
81,15,8
81,16,8
81,17,8
81,18,8
81,0,9
81,1,9
81,2,9
81,3,9
81,4,9
81,5,9
81,6,9
81,7,9
81,8,9
81,9,9
81,10,9
81,11,9
81,12,9
81,13,9
81,14,9
81,15,9
81,16,9
81,17,9
81,18,9
81,0,10
81,1,10
81,2,10
81,3,10
81,4,10
81,5,10
81,6,10
81,7,10
81,8,10
81,9,10
81,10,10
81,11,10
81,12,10
81,13,10
81,14,10
81,15,10
81,16,10
81,17,10
81,18,10
81,0,11
81,1,11
81,2,11
81,3,11
81,4,11
81,5,11
81,6,11
81,7,11
81,8,11
81,9,11
81,10,11
81,11,11
81,12,11
81,13,11
81,14,11
81,15,11
81,16,11
81,17,11
81,18,11
81,0,12
81,1,12
81,2,12
81,3,12
81,4,12
81,5,12
81,6,12
81,7,12
81,8,12
81,9,12
81,10,12
81,11,12
81,12,12
81,13,12
81,14,12
81,15,12
81,16,12
81,17,12
81,18,12
81,0,13
81,1,13
81,2,13
81,3,13
81,4,13
81,5,13
81,6,13
81,7,13
81,8,13
81,9,13
81,10,13
81,11,13
81,12,13
81,13,13
81,14,13
81,15,13
81,16,13
81,17,13
81,18,13
81,0,14
81,1,14
81,2,14
81,3,14
81,4,14
81,5,14
81,6,14
81,7,14
81,8,14
81,9,14
81,10,14
81,11,14
81,12,14
81,13,14
81,14,14
81,15,14
81,16,14
81,17,14
81,18,14
81,0,15
81,1,15
81,2,15
81,3,15
81,4,15
81,5,15
81,6,15
81,7,15
81,8,15
81,9,15
81,10,15
81,11,15
81,12,15
81,13,15
81,14,15
81,15,15
81,16,15
81,17,15
81,18,15
81,0,16
81,1,16
81,2,16
81,3,16
81,4,16
81,5,16
81,6,16
81,7,16
81,8,16
81,9,16
81,10,16
81,11,16
81,12,16
81,13,16
81,14,16
81,15,16
81,16,16
81,17,16
81,18,16
81,0,17
81,1,17
81,2,17
81,3,17
81,4,17
81,5,17
81,6,17
81,7,17
81,8,17
81,9,17
81,10,17
81,11,17
81,12,17
81,13,17
81,14,17
81,15,17
81,16,17
81,17,17
81,18,17
81,0,18
81,1,18
81,2,18
81,3,18
81,4,18
81,5,18
81,6,18
81,7,18
81,8,18
81,9,18
81,10,18
81,11,18
81,12,18
81,13,18
81,14,18
81,15,18
81,16,18
81,17,18
81,18,18
82,19,0
82,20,0
82,21,0
82,22,0
82,23,0
82,24,0
82,25,0
82,19,1
82,20,1
82,21,1
82,22,1
82,23,1
82,24,1
82,25,1
82,19,2
82,20,2
82,21,2
82,22,2
82,23,2
82,24,2
82,25,2
82,19,3
82,20,3
82,21,3
82,22,3
82,23,3
82,24,3
82,25,3
82,19,4
82,20,4
82,21,4
82,22,4
82,23,4
82,24,4
82,25,4
82,19,5
82,20,5
82,21,5
82,22,5
82,23,5
82,24,5
82,25,5
82,19,6
82,20,6
82,21,6
82,22,6
82,23,6
82,24,6
82,25,6
82,19,7
82,20,7
82,21,7
82,22,7
82,23,7
82,24,7
82,25,7
82,19,8
82,20,8
82,21,8
82,22,8
82,23,8
82,24,8
82,25,8
82,19,9
82,20,9
82,21,9
82,22,9
82,23,9
82,24,9
82,25,9
82,19,10
82,20,10
82,21,10
82,22,10
82,23,10
82,24,10
82,25,10
82,19,11
82,20,11
82,21,11
82,22,11
82,23,11
82,24,11
82,25,11
82,19,12
82,20,12
82,21,12
82,22,12
82,23,12
82,24,12
82,25,12
82,19,13
82,20,13
82,21,13
82,22,13
82,23,13
82,24,13
82,25,13
82,19,14
82,20,14
82,21,14
82,22,14
82,23,14
82,24,14
82,25,14
82,19,15
82,20,15
82,21,15
82,22,15
82,23,15
82,24,15
82,25,15
82,19,16
82,20,16
82,21,16
82,22,16
82,23,16
82,24,16
82,25,16
82,19,17
82,20,17
82,21,17
82,22,17
82,23,17
82,24,17
82,25,17
82,19,18
82,20,18
82,21,18
82,22,18
82,23,18
82,24,18
82,25,18
82,19,19
82,20,19
82,21,19
82,22,19
82,23,19
82,24,19
82,25,19
82,20,20
82,21,20
82,22,20
82,23,20
82,24,20
82,25,20
82,21,21
82,22,21
82,23,21
82,24,21
82,25,21
82,22,22
82,23,22
82,24,22
82,25,22
82,23,23
82,24,23
82,25,23
82,24,24
82,25,24
82,25,25
83,26,0
83,27,0
83,28,0
83,29,0
83,30,0
83,31,0
83,32,0
83,26,1
83,27,1
83,28,1
83,29,1
83,30,1
83,31,1
83,32,1
83,26,2
83,27,2
83,28,2
83,29,2
83,30,2
83,31,2
83,32,2
83,26,3
83,27,3
83,28,3
83,29,3
83,30,3
83,31,3
83,32,3
83,26,4
83,27,4
83,28,4
83,29,4
83,30,4
83,31,4
83,32,4
83,26,5
83,27,5
83,28,5
83,29,5
83,30,5
83,31,5
83,32,5
83,26,6
83,27,6
83,28,6
83,29,6
83,30,6
83,31,6
83,32,6
83,26,7
83,27,7
83,28,7
83,29,7
83,30,7
83,31,7
83,32,7
83,26,8
83,27,8
83,28,8
83,29,8
83,30,8
83,31,8
83,32,8
83,26,9
83,27,9
83,28,9
83,29,9
83,30,9
83,31,9
83,32,9
83,26,10
83,27,10
83,28,10
83,29,10
83,30,10
83,31,10
83,32,10
83,26,11
83,27,11
83,28,11
83,29,11
83,30,11
83,31,11
83,32,11
83,26,12
83,27,12
83,28,12
83,29,12
83,30,12
83,31,12
83,32,12
83,26,13
83,27,13
83,28,13
83,29,13
83,30,13
83,31,13
83,32,13
83,26,14
83,27,14
83,28,14
83,29,14
83,30,14
83,31,14
83,32,14
83,26,15
83,27,15
83,28,15
83,29,15
83,30,15
83,31,15
83,32,15
83,26,16
83,27,16
83,28,16
83,29,16
83,30,16
83,31,16
83,32,16
83,26,17
83,27,17
83,28,17
83,29,17
83,30,17
83,31,17
83,32,17
83,26,18
83,27,18
83,28,18
83,29,18
83,30,18
83,31,18
83,32,18
83,26,19
83,27,19
83,28,19
83,29,19
83,30,19
83,31,19
83,32,19
83,26,20
83,27,20
83,28,20
83,29,20
83,30,20
83,31,20
83,32,20
83,26,21
83,27,21
83,28,21
83,29,21
83,30,21
83,31,21
83,32,21
83,26,22
83,27,22
83,28,22
83,29,22
83,30,22
83,31,22
83,32,22
83,26,23
83,27,23
83,28,23
83,29,23
83,30,23
83,31,23
83,32,23
83,26,24
83,27,24
83,28,24
83,29,24
83,30,24
83,31,24
83,32,24
83,26,25
83,27,25
83,28,25
83,29,25
83,30,25
83,31,25
83,32,25
83,26,26
83,27,26
83,28,26
83,29,26
83,30,26
83,27,27
84,33,0
84,34,0
84,35,0
84,36,0
84,37,0
84,38,0
84,39,0
84,33,1
84,34,1
84,35,1
84,36,1
84,37,1
84,38,1
84,39,1
84,33,2
84,34,2
84,35,2
84,36,2
84,37,2
84,38,2
84,39,2
84,33,3
84,34,3
84,35,3
84,36,3
84,37,3
84,38,3
84,39,3
84,33,4
84,34,4
84,35,4
84,36,4
84,37,4
84,38,4
84,39,4
84,33,5
84,34,5
84,35,5
84,36,5
84,37,5
84,38,5
84,39,5
84,33,6
84,34,6
84,35,6
84,36,6
84,37,6
84,38,6
84,39,6
84,33,7
84,34,7
84,35,7
84,36,7
84,37,7
84,38,7
84,39,7
84,33,8
84,34,8
84,35,8
84,36,8
84,37,8
84,38,8
84,39,8
84,33,9
84,34,9
84,35,9
84,36,9
84,37,9
84,38,9
84,39,9
84,33,10
84,34,10
84,35,10
84,36,10
84,37,10
84,38,10
84,39,10
84,33,11
84,34,11
84,35,11
84,36,11
84,37,11
84,38,11
84,39,11
84,33,12
84,34,12
84,35,12
84,36,12
84,37,12
84,38,12
84,39,12
84,33,13
84,34,13
84,35,13
84,36,13
84,37,13
84,38,13
84,39,13
84,33,14
84,34,14
84,35,14
84,36,14
84,37,14
84,38,14
84,39,14
84,33,15
84,34,15
84,35,15
84,36,15
84,37,15
84,38,15
84,39,15
84,33,16
84,34,16
84,35,16
84,36,16
84,37,16
84,38,16
84,39,16
84,33,17
84,34,17
84,35,17
84,36,17
84,37,17
84,38,17
84,39,17
84,33,18
84,34,18
84,35,18
84,36,18
84,37,18
84,38,18
84,39,18
84,33,19
84,34,19
84,35,19
84,36,19
84,37,19
84,38,19
84,39,19
84,33,20
84,34,20
84,35,20
84,36,20
84,37,20
84,38,20
84,39,20
84,33,21
84,34,21
84,35,21
84,36,21
84,37,21
84,38,21
84,39,21
84,33,22
84,34,22
84,35,22
84,36,22
84,37,22
84,38,22
84,39,22
84,33,23
84,34,23
84,35,23
84,36,23
84,37,23
84,38,23
84,39,23
84,33,24
84,34,24
84,35,24
84,36,24
84,37,24
84,38,24
84,39,24
84,33,25
84,34,25
84,35,25
84,36,25
84,37,25
84,38,25
84,39,25
85,40,0
85,41,0
85,42,0
85,43,0
85,44,0
85,45,0
85,46,0
85,40,1
85,41,1
85,42,1
85,43,1
85,44,1
85,45,1
85,46,1
85,40,2
85,41,2
85,42,2
85,43,2
85,44,2
85,45,2
85,46,2
85,40,3
85,41,3
85,42,3
85,43,3
85,44,3
85,45,3
85,46,3
85,40,4
85,41,4
85,42,4
85,43,4
85,44,4
85,45,4
85,46,4
85,40,5
85,41,5
85,42,5
85,43,5
85,44,5
85,45,5
85,46,5
85,40,6
85,41,6
85,42,6
85,43,6
85,44,6
85,45,6
85,46,6
85,40,7
85,41,7
85,42,7
85,43,7
85,44,7
85,45,7
85,46,7
85,40,8
85,41,8
85,42,8
85,43,8
85,44,8
85,45,8
85,46,8
85,40,9
85,41,9
85,42,9
85,43,9
85,44,9
85,45,9
85,46,9
85,40,10
85,41,10
85,42,10
85,43,10
85,44,10
85,45,10
85,46,10
85,40,11
85,41,11
85,42,11
85,43,11
85,44,11
85,45,11
85,46,11
85,40,12
85,41,12
85,42,12
85,43,12
85,44,12
85,45,12
85,46,12
85,40,13
85,41,13
85,42,13
85,43,13
85,44,13
85,45,13
85,46,13
85,40,14
85,41,14
85,42,14
85,43,14
85,44,14
85,45,14
85,46,14
85,40,15
85,41,15
85,42,15
85,43,15
85,44,15
85,45,15
85,46,15
85,40,16
85,41,16
85,42,16
85,43,16
85,44,16
85,45,16
85,46,16
85,40,17
85,41,17
85,42,17
85,43,17
85,44,17
85,45,17
85,46,17
85,40,18
85,41,18
85,42,18
85,43,18
85,44,18
85,45,18
85,46,18
85,40,19
85,41,19
85,42,19
85,43,19
85,44,19
85,45,19
85,46,19
85,40,20
85,41,20
85,42,20
85,43,20
85,44,20
85,45,20
85,46,20
85,40,21
85,41,21
85,42,21
85,43,21
85,44,21
85,45,21
85,46,21
85,40,22
85,41,22
85,42,22
85,43,22
85,44,22
85,45,22
85,46,22
85,40,23
85,41,23
85,42,23
85,43,23
85,44,23
85,45,23
85,46,23
85,40,24
85,41,24
85,42,24
85,43,24
85,44,24
85,45,24
85,46,24
85,40,25
85,41,25
85,42,25
85,43,25
85,44,25
85,45,25
85,46,25
86,47,0
86,48,0
86,49,0
86,50,0
86,51,0
86,52,0
86,53,0
86,47,1
86,48,1
86,49,1
86,50,1
86,51,1
86,52,1
86,53,1
86,47,2
86,48,2
86,49,2
86,50,2
86,51,2
86,52,2
86,53,2
86,47,3
86,48,3
86,49,3
86,50,3
86,51,3
86,52,3
86,53,3
86,47,4
86,48,4
86,49,4
86,50,4
86,51,4
86,52,4
86,53,4
86,47,5
86,48,5
86,49,5
86,50,5
86,51,5
86,52,5
86,53,5
86,47,6
86,48,6
86,49,6
86,50,6
86,51,6
86,52,6
86,53,6
86,47,7
86,48,7
86,49,7
86,50,7
86,51,7
86,52,7
86,53,7
86,47,8
86,48,8
86,49,8
86,50,8
86,51,8
86,52,8
86,53,8
86,47,9
86,48,9
86,49,9
86,50,9
86,51,9
86,52,9
86,53,9
86,47,10
86,48,10
86,49,10
86,50,10
86,51,10
86,52,10
86,53,10
86,47,11
86,48,11
86,49,11
86,50,11
86,51,11
86,52,11
86,53,11
86,47,12
86,48,12
86,49,12
86,50,12
86,51,12
86,52,12
86,53,12
86,47,13
86,48,13
86,49,13
86,50,13
86,51,13
86,52,13
86,53,13
86,47,14
86,48,14
86,49,14
86,50,14
86,51,14
86,52,14
86,53,14
86,47,15
86,48,15
86,49,15
86,50,15
86,51,15
86,52,15
86,53,15
86,47,16
86,48,16
86,49,16
86,50,16
86,51,16
86,52,16
86,53,16
86,47,17
86,48,17
86,49,17
86,50,17
86,51,17
86,52,17
86,53,17
86,47,18
86,48,18
86,49,18
86,50,18
86,51,18
86,52,18
86,53,18
86,47,19
86,48,19
86,49,19
86,50,19
86,51,19
86,52,19
86,53,19
86,47,20
86,48,20
86,49,20
86,50,20
86,51,20
86,52,20
86,53,20
86,47,21
86,48,21
86,49,21
86,50,21
86,51,21
86,52,21
86,53,21
86,47,22
86,48,22
86,49,22
86,50,22
86,51,22
86,52,22
86,53,22
86,47,23
86,48,23
86,49,23
86,50,23
86,51,23
86,52,23
86,53,23
86,47,24
86,48,24
86,49,24
86,50,24
86,51,24
86,52,24
86,53,24
86,47,25
86,48,25
86,49,25
86,50,25
86,51,25
86,52,25
86,53,25
87,54,0
87,55,0
87,56,0
87,57,0
87,58,0
87,59,0
87,60,0
87,54,1
87,55,1
87,56,1
87,57,1
87,58,1
87,59,1
87,60,1
87,54,2
87,55,2
87,56,2
87,57,2
87,58,2
87,59,2
87,60,2
87,54,3
87,55,3
87,56,3
87,57,3
87,58,3
87,59,3
87,60,3
87,54,4
87,55,4
87,56,4
87,57,4
87,58,4
87,59,4
87,60,4
87,54,5
87,55,5
87,56,5
87,57,5
87,58,5
87,59,5
87,60,5
87,54,6
87,55,6
87,56,6
87,57,6
87,58,6
87,59,6
87,60,6
87,54,7
87,55,7
87,56,7
87,57,7
87,58,7
87,59,7
87,60,7
87,54,8
87,55,8
87,56,8
87,57,8
87,58,8
87,59,8
87,60,8
87,54,9
87,55,9
87,56,9
87,57,9
87,58,9
87,59,9
87,60,9
87,54,10
87,55,10
87,56,10
87,57,10
87,58,10
87,59,10
87,60,10
87,54,11
87,55,11
87,56,11
87,57,11
87,58,11
87,59,11
87,60,11
87,54,12
87,55,12
87,56,12
87,57,12
87,58,12
87,59,12
87,60,12
87,54,13
87,55,13
87,56,13
87,57,13
87,58,13
87,59,13
87,60,13
87,54,14
87,55,14
87,56,14
87,57,14
87,58,14
87,59,14
87,60,14
87,54,15
87,55,15
87,56,15
87,57,15
87,58,15
87,59,15
87,60,15
87,54,16
87,55,16
87,56,16
87,57,16
87,58,16
87,59,16
87,60,16
87,54,17
87,55,17
87,56,17
87,57,17
87,58,17
87,59,17
87,60,17
87,54,18
87,55,18
87,56,18
87,57,18
87,58,18
87,59,18
87,60,18
87,54,19
87,55,19
87,56,19
87,57,19
87,58,19
87,59,19
87,60,19
87,54,20
87,55,20
87,56,20
87,57,20
87,58,20
87,59,20
87,60,20
87,54,21
87,55,21
87,56,21
87,57,21
87,58,21
87,59,21
87,60,21
87,54,22
87,55,22
87,56,22
87,57,22
87,58,22
87,59,22
87,60,22
87,54,23
87,55,23
87,56,23
87,57,23
87,58,23
87,59,23
87,60,23
87,54,24
87,55,24
87,56,24
87,57,24
87,58,24
87,59,24
87,60,24
87,54,25
87,55,25
87,56,25
87,57,25
87,58,25
87,59,25
87,60,25
88,61,0
88,62,0
88,63,0
88,64,0
88,65,0
88,66,0
88,67,0
88,61,1
88,62,1
88,63,1
88,64,1
88,65,1
88,66,1
88,67,1
88,61,2
88,62,2
88,63,2
88,64,2
88,65,2
88,66,2
88,67,2
88,61,3
88,62,3
88,63,3
88,64,3
88,65,3
88,66,3
88,67,3
88,61,4
88,62,4
88,63,4
88,64,4
88,65,4
88,66,4
88,67,4
88,61,5
88,62,5
88,63,5
88,64,5
88,65,5
88,66,5
88,67,5
88,61,6
88,62,6
88,63,6
88,64,6
88,65,6
88,66,6
88,67,6
88,61,7
88,62,7
88,63,7
88,64,7
88,65,7
88,66,7
88,67,7
88,61,8
88,62,8
88,63,8
88,64,8
88,65,8
88,66,8
88,67,8
88,61,9
88,62,9
88,63,9
88,64,9
88,65,9
88,66,9
88,67,9
88,61,10
88,62,10
88,63,10
88,64,10
88,65,10
88,66,10
88,67,10
88,61,11
88,62,11
88,63,11
88,64,11
88,65,11
88,66,11
88,67,11
88,61,12
88,62,12
88,63,12
88,64,12
88,65,12
88,66,12
88,67,12
88,61,13
88,62,13
88,63,13
88,64,13
88,65,13
88,66,13
88,67,13
88,61,14
88,62,14
88,63,14
88,64,14
88,65,14
88,66,14
88,67,14
88,61,15
88,62,15
88,63,15
88,64,15
88,65,15
88,66,15
88,67,15
88,61,16
88,62,16
88,63,16
88,64,16
88,65,16
88,66,16
88,67,16
88,61,17
88,62,17
88,63,17
88,64,17
88,65,17
88,66,17
88,67,17
88,61,18
88,62,18
88,63,18
88,64,18
88,65,18
88,66,18
88,67,18
88,61,19
88,62,19
88,63,19
88,64,19
88,65,19
88,66,19
88,67,19
88,61,20
88,62,20
88,63,20
88,64,20
88,65,20
88,66,20
88,67,20
88,61,21
88,62,21
88,63,21
88,64,21
88,65,21
88,66,21
88,67,21
88,61,22
88,62,22
88,63,22
88,64,22
88,65,22
88,66,22
88,67,22
88,61,23
88,62,23
88,63,23
88,64,23
88,65,23
88,66,23
88,67,23
88,61,24
88,62,24
88,63,24
88,64,24
88,65,24
88,66,24
88,67,24
88,61,25
88,62,25
88,63,25
88,64,25
88,65,25
88,66,25
88,67,25
89,68,0
89,69,0
89,70,0
89,71,0
89,72,0
89,73,0
89,74,0
89,68,1
89,69,1
89,70,1
89,71,1
89,72,1
89,73,1
89,74,1
89,68,2
89,69,2
89,70,2
89,71,2
89,72,2
89,73,2
89,74,2
89,68,3
89,69,3
89,70,3
89,71,3
89,72,3
89,73,3
89,74,3
89,68,4
89,69,4
89,70,4
89,71,4
89,72,4
89,73,4
89,74,4
89,68,5
89,69,5
89,70,5
89,71,5
89,72,5
89,73,5
89,74,5
89,68,6
89,69,6
89,70,6
89,71,6
89,72,6
89,73,6
89,74,6
89,68,7
89,69,7
89,70,7
89,71,7
89,72,7
89,73,7
89,74,7
89,68,8
89,69,8
89,70,8
89,71,8
89,72,8
89,73,8
89,74,8
89,68,9
89,69,9
89,70,9
89,71,9
89,72,9
89,73,9
89,74,9
89,68,10
89,69,10
89,70,10
89,71,10
89,72,10
89,73,10
89,74,10
89,68,11
89,69,11
89,70,11
89,71,11
89,72,11
89,73,11
89,74,11
89,68,12
89,69,12
89,70,12
89,71,12
89,72,12
89,73,12
89,74,12
89,68,13
89,69,13
89,70,13
89,71,13
89,72,13
89,73,13
89,74,13
89,68,14
89,69,14
89,70,14
89,71,14
89,72,14
89,73,14
89,74,14
89,68,15
89,69,15
89,70,15
89,71,15
89,72,15
89,73,15
89,74,15
89,68,16
89,69,16
89,70,16
89,71,16
89,72,16
89,73,16
89,74,16
89,68,17
89,69,17
89,70,17
89,71,17
89,72,17
89,73,17
89,74,17
89,68,18
89,69,18
89,70,18
89,71,18
89,72,18
89,73,18
89,74,18
89,68,19
89,69,19
89,70,19
89,71,19
89,72,19
89,73,19
89,74,19
89,68,20
89,69,20
89,70,20
89,71,20
89,72,20
89,73,20
89,74,20
89,68,21
89,69,21
89,70,21
89,71,21
89,72,21
89,73,21
89,74,21
89,68,22
89,69,22
89,70,22
89,71,22
89,72,22
89,73,22
89,74,22
89,68,23
89,69,23
89,70,23
89,71,23
89,72,23
89,73,23
89,74,23
89,68,24
89,69,24
89,70,24
89,71,24
89,72,24
89,73,24
89,74,24
89,68,25
89,69,25
89,70,25
89,71,25
89,72,25
89,73,25
89,74,25
89,70,26
89,71,26
89,72,26
89,73,26
89,74,26
89,73,27
90,75,0
90,76,0
90,77,0
90,78,0
90,79,0
90,80,0
90,81,0
90,75,1
90,76,1
90,77,1
90,78,1
90,79,1
90,80,1
90,81,1
90,75,2
90,76,2
90,77,2
90,78,2
90,79,2
90,80,2
90,81,2
90,75,3
90,76,3
90,77,3
90,78,3
90,79,3
90,80,3
90,81,3
90,75,4
90,76,4
90,77,4
90,78,4
90,79,4
90,80,4
90,81,4
90,75,5
90,76,5
90,77,5
90,78,5
90,79,5
90,80,5
90,81,5
90,75,6
90,76,6
90,77,6
90,78,6
90,79,6
90,80,6
90,81,6
90,75,7
90,76,7
90,77,7
90,78,7
90,79,7
90,80,7
90,81,7
90,75,8
90,76,8
90,77,8
90,78,8
90,79,8
90,80,8
90,81,8
90,75,9
90,76,9
90,77,9
90,78,9
90,79,9
90,80,9
90,81,9
90,75,10
90,76,10
90,77,10
90,78,10
90,79,10
90,80,10
90,81,10
90,75,11
90,76,11
90,77,11
90,78,11
90,79,11
90,80,11
90,81,11
90,75,12
90,76,12
90,77,12
90,78,12
90,79,12
90,80,12
90,81,12
90,75,13
90,76,13
90,77,13
90,78,13
90,79,13
90,80,13
90,81,13
90,75,14
90,76,14
90,77,14
90,78,14
90,79,14
90,80,14
90,81,14
90,75,15
90,76,15
90,77,15
90,78,15
90,79,15
90,80,15
90,81,15
90,75,16
90,76,16
90,77,16
90,78,16
90,79,16
90,80,16
90,81,16
90,75,17
90,76,17
90,77,17
90,78,17
90,79,17
90,80,17
90,81,17
90,75,18
90,76,18
90,77,18
90,78,18
90,79,18
90,80,18
90,81,18
90,75,19
90,76,19
90,77,19
90,78,19
90,79,19
90,80,19
90,81,19
90,75,20
90,76,20
90,77,20
90,78,20
90,79,20
90,80,20
90,75,21
90,76,21
90,77,21
90,78,21
90,79,21
90,75,22
90,76,22
90,77,22
90,78,22
90,75,23
90,76,23
90,77,23
90,75,24
90,76,24
90,75,25
91,82,0
91,83,0
91,84,0
91,85,0
91,86,0
91,87,0
91,88,0
91,89,0
91,90,0
91,91,0
91,92,0
91,93,0
91,94,0
91,95,0
91,96,0
91,97,0
91,98,0
91,99,0
91,100,0
91,82,1
91,83,1
91,84,1
91,85,1
91,86,1
91,87,1
91,88,1
91,89,1
91,90,1
91,91,1
91,92,1
91,93,1
91,94,1
91,95,1
91,96,1
91,97,1
91,98,1
91,99,1
91,100,1
91,82,2
91,83,2
91,84,2
91,85,2
91,86,2
91,87,2
91,88,2
91,89,2
91,90,2
91,91,2
91,92,2
91,93,2
91,94,2
91,95,2
91,96,2
91,97,2
91,98,2
91,99,2
91,100,2
91,82,3
91,83,3
91,84,3
91,85,3
91,86,3
91,87,3
91,88,3
91,89,3
91,90,3
91,91,3
91,92,3
91,93,3
91,94,3
91,95,3
91,96,3
91,97,3
91,98,3
91,99,3
91,100,3
91,82,4
91,83,4
91,84,4
91,85,4
91,86,4
91,87,4
91,88,4
91,89,4
91,90,4
91,91,4
91,92,4
91,93,4
91,94,4
91,95,4
91,96,4
91,97,4
91,98,4
91,99,4
91,100,4
91,82,5
91,83,5
91,84,5
91,85,5
91,86,5
91,87,5
91,88,5
91,89,5
91,90,5
91,91,5
91,92,5
91,93,5
91,94,5
91,95,5
91,96,5
91,97,5
91,98,5
91,99,5
91,100,5
91,82,6
91,83,6
91,84,6
91,85,6
91,86,6
91,87,6
91,88,6
91,89,6
91,90,6
91,91,6
91,92,6
91,93,6
91,94,6
91,95,6
91,96,6
91,97,6
91,98,6
91,99,6
91,100,6
91,82,7
91,83,7
91,84,7
91,85,7
91,86,7
91,87,7
91,88,7
91,89,7
91,90,7
91,91,7
91,92,7
91,93,7
91,94,7
91,95,7
91,96,7
91,97,7
91,98,7
91,99,7
91,100,7
91,82,8
91,83,8
91,84,8
91,85,8
91,86,8
91,87,8
91,88,8
91,89,8
91,90,8
91,91,8
91,92,8
91,93,8
91,94,8
91,95,8
91,96,8
91,97,8
91,98,8
91,99,8
91,100,8
91,82,9
91,83,9
91,84,9
91,85,9
91,86,9
91,87,9
91,88,9
91,89,9
91,90,9
91,91,9
91,92,9
91,93,9
91,94,9
91,95,9
91,96,9
91,97,9
91,98,9
91,99,9
91,100,9
91,82,10
91,83,10
91,84,10
91,85,10
91,86,10
91,87,10
91,88,10
91,89,10
91,90,10
91,91,10
91,92,10
91,93,10
91,94,10
91,95,10
91,96,10
91,97,10
91,98,10
91,99,10
91,100,10
91,82,11
91,83,11
91,84,11
91,85,11
91,86,11
91,87,11
91,88,11
91,89,11
91,90,11
91,91,11
91,92,11
91,93,11
91,94,11
91,95,11
91,96,11
91,97,11
91,98,11
91,99,11
91,100,11
91,82,12
91,83,12
91,84,12
91,85,12
91,86,12
91,87,12
91,88,12
91,89,12
91,90,12
91,91,12
91,92,12
91,93,12
91,94,12
91,95,12
91,96,12
91,97,12
91,98,12
91,99,12
91,100,12
91,82,13
91,83,13
91,84,13
91,85,13
91,86,13
91,87,13
91,88,13
91,89,13
91,90,13
91,91,13
91,92,13
91,93,13
91,94,13
91,95,13
91,96,13
91,97,13
91,98,13
91,99,13
91,100,13
91,82,14
91,83,14
91,84,14
91,85,14
91,86,14
91,87,14
91,88,14
91,89,14
91,90,14
91,91,14
91,92,14
91,93,14
91,94,14
91,95,14
91,96,14
91,97,14
91,98,14
91,99,14
91,100,14
91,82,15
91,83,15
91,84,15
91,85,15
91,86,15
91,87,15
91,88,15
91,89,15
91,90,15
91,91,15
91,92,15
91,93,15
91,94,15
91,95,15
91,96,15
91,97,15
91,98,15
91,99,15
91,100,15
91,82,16
91,83,16
91,84,16
91,85,16
91,86,16
91,87,16
91,88,16
91,89,16
91,90,16
91,91,16
91,92,16
91,93,16
91,94,16
91,95,16
91,96,16
91,97,16
91,98,16
91,99,16
91,100,16
91,82,17
91,83,17
91,84,17
91,85,17
91,86,17
91,87,17
91,88,17
91,89,17
91,90,17
91,91,17
91,92,17
91,93,17
91,94,17
91,95,17
91,96,17
91,97,17
91,98,17
91,99,17
91,100,17
91,82,18
91,83,18
91,84,18
91,85,18
91,86,18
91,87,18
91,88,18
91,89,18
91,90,18
91,91,18
91,92,18
91,93,18
91,94,18
91,95,18
91,96,18
91,97,18
91,98,18
91,99,18
91,100,18
92,82,19
92,83,19
92,84,19
92,85,19
92,86,19
92,87,19
92,88,19
92,89,19
92,90,19
92,91,19
92,92,19
92,93,19
92,94,19
92,95,19
92,96,19
92,97,19
92,98,19
92,99,19
92,100,19
92,81,20
92,82,20
92,83,20
92,84,20
92,85,20
92,86,20
92,87,20
92,88,20
92,89,20
92,90,20
92,91,20
92,92,20
92,93,20
92,94,20
92,95,20
92,96,20
92,97,20
92,98,20
92,99,20
92,100,20
92,80,21
92,81,21
92,82,21
92,83,21
92,84,21
92,85,21
92,86,21
92,87,21
92,88,21
92,89,21
92,90,21
92,91,21
92,92,21
92,93,21
92,94,21
92,95,21
92,96,21
92,97,21
92,98,21
92,99,21
92,100,21
92,79,22
92,80,22
92,81,22
92,82,22
92,83,22
92,84,22
92,85,22
92,86,22
92,87,22
92,88,22
92,89,22
92,90,22
92,91,22
92,92,22
92,93,22
92,94,22
92,95,22
92,96,22
92,97,22
92,98,22
92,99,22
92,100,22
92,78,23
92,79,23
92,80,23
92,81,23
92,82,23
92,83,23
92,84,23
92,85,23
92,86,23
92,87,23
92,88,23
92,89,23
92,90,23
92,91,23
92,92,23
92,93,23
92,94,23
92,95,23
92,96,23
92,97,23
92,98,23
92,99,23
92,100,23
92,77,24
92,78,24
92,79,24
92,80,24
92,81,24
92,82,24
92,83,24
92,84,24
92,85,24
92,86,24
92,87,24
92,88,24
92,89,24
92,90,24
92,91,24
92,92,24
92,93,24
92,94,24
92,95,24
92,96,24
92,97,24
92,98,24
92,99,24
92,100,24
92,76,25
92,77,25
92,78,25
92,79,25
92,80,25
92,81,25
92,82,25
92,83,25
92,84,25
92,85,25
92,86,25
92,87,25
92,88,25
92,89,25
92,90,25
92,91,25
92,92,25
92,93,25
92,94,25
92,95,25
92,96,25
92,97,25
92,98,25
92,99,25
92,100,25
93,75,26
93,76,26
93,77,26
93,78,26
93,79,26
93,80,26
93,81,26
93,82,26
93,83,26
93,84,26
93,85,26
93,86,26
93,87,26
93,88,26
93,89,26
93,90,26
93,91,26
93,92,26
93,93,26
93,94,26
93,95,26
93,96,26
93,97,26
93,98,26
93,99,26
93,100,26
93,74,27
93,75,27
93,76,27
93,77,27
93,78,27
93,79,27
93,80,27
93,81,27
93,82,27
93,83,27
93,84,27
93,85,27
93,86,27
93,87,27
93,88,27
93,89,27
93,90,27
93,91,27
93,92,27
93,93,27
93,94,27
93,95,27
93,96,27
93,97,27
93,98,27
93,99,27
93,100,27
93,74,28
93,75,28
93,76,28
93,77,28
93,78,28
93,79,28
93,80,28
93,81,28
93,82,28
93,83,28
93,84,28
93,85,28
93,86,28
93,87,28
93,88,28
93,89,28
93,90,28
93,91,28
93,92,28
93,93,28
93,94,28
93,95,28
93,96,28
93,97,28
93,98,28
93,99,28
93,100,28
93,74,29
93,75,29
93,76,29
93,77,29
93,78,29
93,79,29
93,80,29
93,81,29
93,82,29
93,83,29
93,84,29
93,85,29
93,86,29
93,87,29
93,88,29
93,89,29
93,90,29
93,91,29
93,92,29
93,93,29
93,94,29
93,95,29
93,96,29
93,97,29
93,98,29
93,99,29
93,100,29
93,74,30
93,75,30
93,76,30
93,77,30
93,78,30
93,79,30
93,80,30
93,81,30
93,82,30
93,83,30
93,84,30
93,85,30
93,86,30
93,87,30
93,88,30
93,89,30
93,90,30
93,91,30
93,92,30
93,93,30
93,94,30
93,95,30
93,96,30
93,97,30
93,98,30
93,99,30
93,100,30
93,75,31
93,76,31
93,77,31
93,78,31
93,79,31
93,80,31
93,81,31
93,82,31
93,83,31
93,84,31
93,85,31
93,86,31
93,87,31
93,88,31
93,89,31
93,90,31
93,91,31
93,92,31
93,93,31
93,94,31
93,95,31
93,96,31
93,97,31
93,98,31
93,99,31
93,100,31
93,75,32
93,76,32
93,77,32
93,78,32
93,79,32
93,80,32
93,81,32
93,82,32
93,83,32
93,84,32
93,85,32
93,86,32
93,87,32
93,88,32
93,89,32
93,90,32
93,91,32
93,92,32
93,93,32
93,94,32
93,95,32
93,96,32
93,97,32
93,98,32
93,99,32
93,100,32
94,75,33
94,76,33
94,77,33
94,78,33
94,79,33
94,80,33
94,81,33
94,82,33
94,83,33
94,84,33
94,85,33
94,86,33
94,87,33
94,88,33
94,89,33
94,90,33
94,91,33
94,92,33
94,93,33
94,94,33
94,95,33
94,96,33
94,97,33
94,98,33
94,99,33
94,100,33
94,75,34
94,76,34
94,77,34
94,78,34
94,79,34
94,80,34
94,81,34
94,82,34
94,83,34
94,84,34
94,85,34
94,86,34
94,87,34
94,88,34
94,89,34
94,90,34
94,91,34
94,92,34
94,93,34
94,94,34
94,95,34
94,96,34
94,97,34
94,98,34
94,99,34
94,100,34
94,75,35
94,76,35
94,77,35
94,78,35
94,79,35
94,80,35
94,81,35
94,82,35
94,83,35
94,84,35
94,85,35
94,86,35
94,87,35
94,88,35
94,89,35
94,90,35
94,91,35
94,92,35
94,93,35
94,94,35
94,95,35
94,96,35
94,97,35
94,98,35
94,99,35
94,100,35
94,75,36
94,76,36
94,77,36
94,78,36
94,79,36
94,80,36
94,81,36
94,82,36
94,83,36
94,84,36
94,85,36
94,86,36
94,87,36
94,88,36
94,89,36
94,90,36
94,91,36
94,92,36
94,93,36
94,94,36
94,95,36
94,96,36
94,97,36
94,98,36
94,99,36
94,100,36
94,75,37
94,76,37
94,77,37
94,78,37
94,79,37
94,80,37
94,81,37
94,82,37
94,83,37
94,84,37
94,85,37
94,86,37
94,87,37
94,88,37
94,89,37
94,90,37
94,91,37
94,92,37
94,93,37
94,94,37
94,95,37
94,96,37
94,97,37
94,98,37
94,99,37
94,100,37
94,75,38
94,76,38
94,77,38
94,78,38
94,79,38
94,80,38
94,81,38
94,82,38
94,83,38
94,84,38
94,85,38
94,86,38
94,87,38
94,88,38
94,89,38
94,90,38
94,91,38
94,92,38
94,93,38
94,94,38
94,95,38
94,96,38
94,97,38
94,98,38
94,99,38
94,100,38
94,75,39
94,76,39
94,77,39
94,78,39
94,79,39
94,80,39
94,81,39
94,82,39
94,83,39
94,84,39
94,85,39
94,86,39
94,87,39
94,88,39
94,89,39
94,90,39
94,91,39
94,92,39
94,93,39
94,94,39
94,95,39
94,96,39
94,97,39
94,98,39
94,99,39
94,100,39
95,75,40
95,76,40
95,77,40
95,78,40
95,79,40
95,80,40
95,81,40
95,82,40
95,83,40
95,84,40
95,85,40
95,86,40
95,87,40
95,88,40
95,89,40
95,90,40
95,91,40
95,92,40
95,93,40
95,94,40
95,95,40
95,96,40
95,97,40
95,98,40
95,99,40
95,100,40
95,75,41
95,76,41
95,77,41
95,78,41
95,79,41
95,80,41
95,81,41
95,82,41
95,83,41
95,84,41
95,85,41
95,86,41
95,87,41
95,88,41
95,89,41
95,90,41
95,91,41
95,92,41
95,93,41
95,94,41
95,95,41
95,96,41
95,97,41
95,98,41
95,99,41
95,100,41
95,75,42
95,76,42
95,77,42
95,78,42
95,79,42
95,80,42
95,81,42
95,82,42
95,83,42
95,84,42
95,85,42
95,86,42
95,87,42
95,88,42
95,89,42
95,90,42
95,91,42
95,92,42
95,93,42
95,94,42
95,95,42
95,96,42
95,97,42
95,98,42
95,99,42
95,100,42
95,75,43
95,76,43
95,77,43
95,78,43
95,79,43
95,80,43
95,81,43
95,82,43
95,83,43
95,84,43
95,85,43
95,86,43
95,87,43
95,88,43
95,89,43
95,90,43
95,91,43
95,92,43
95,93,43
95,94,43
95,95,43
95,96,43
95,97,43
95,98,43
95,99,43
95,100,43
95,75,44
95,76,44
95,77,44
95,78,44
95,79,44
95,80,44
95,81,44
95,82,44
95,83,44
95,84,44
95,85,44
95,86,44
95,87,44
95,88,44
95,89,44
95,90,44
95,91,44
95,92,44
95,93,44
95,94,44
95,95,44
95,96,44
95,97,44
95,98,44
95,99,44
95,100,44
95,75,45
95,76,45
95,77,45
95,78,45
95,79,45
95,80,45
95,81,45
95,82,45
95,83,45
95,84,45
95,85,45
95,86,45
95,87,45
95,88,45
95,89,45
95,90,45
95,91,45
95,92,45
95,93,45
95,94,45
95,95,45
95,96,45
95,97,45
95,98,45
95,99,45
95,100,45
95,75,46
95,76,46
95,77,46
95,78,46
95,79,46
95,80,46
95,81,46
95,82,46
95,83,46
95,84,46
95,85,46
95,86,46
95,87,46
95,88,46
95,89,46
95,90,46
95,91,46
95,92,46
95,93,46
95,94,46
95,95,46
95,96,46
95,97,46
95,98,46
95,99,46
95,100,46
96,75,47
96,76,47
96,77,47
96,78,47
96,79,47
96,80,47
96,81,47
96,82,47
96,83,47
96,84,47
96,85,47
96,86,47
96,87,47
96,88,47
96,89,47
96,90,47
96,91,47
96,92,47
96,93,47
96,94,47
96,95,47
96,96,47
96,97,47
96,98,47
96,99,47
96,100,47
96,75,48
96,76,48
96,77,48
96,78,48
96,79,48
96,80,48
96,81,48
96,82,48
96,83,48
96,84,48
96,85,48
96,86,48
96,87,48
96,88,48
96,89,48
96,90,48
96,91,48
96,92,48
96,93,48
96,94,48
96,95,48
96,96,48
96,97,48
96,98,48
96,99,48
96,100,48
96,75,49
96,76,49
96,77,49
96,78,49
96,79,49
96,80,49
96,81,49
96,82,49
96,83,49
96,84,49
96,85,49
96,86,49
96,87,49
96,88,49
96,89,49
96,90,49
96,91,49
96,92,49
96,93,49
96,94,49
96,95,49
96,96,49
96,97,49
96,98,49
96,99,49
96,100,49
96,75,50
96,76,50
96,77,50
96,78,50
96,79,50
96,80,50
96,81,50
96,82,50
96,83,50
96,84,50
96,85,50
96,86,50
96,87,50
96,88,50
96,89,50
96,90,50
96,91,50
96,92,50
96,93,50
96,94,50
96,95,50
96,96,50
96,97,50
96,98,50
96,99,50
96,100,50
96,75,51
96,76,51
96,77,51
96,78,51
96,79,51
96,80,51
96,81,51
96,82,51
96,83,51
96,84,51
96,85,51
96,86,51
96,87,51
96,88,51
96,89,51
96,90,51
96,91,51
96,92,51
96,93,51
96,94,51
96,95,51
96,96,51
96,97,51
96,98,51
96,99,51
96,100,51
96,75,52
96,76,52
96,77,52
96,78,52
96,79,52
96,80,52
96,81,52
96,82,52
96,83,52
96,84,52
96,85,52
96,86,52
96,87,52
96,88,52
96,89,52
96,90,52
96,91,52
96,92,52
96,93,52
96,94,52
96,95,52
96,96,52
96,97,52
96,98,52
96,99,52
96,100,52
96,75,53
96,76,53
96,77,53
96,78,53
96,79,53
96,80,53
96,81,53
96,82,53
96,83,53
96,84,53
96,85,53
96,86,53
96,87,53
96,88,53
96,89,53
96,90,53
96,91,53
96,92,53
96,93,53
96,94,53
96,95,53
96,96,53
96,97,53
96,98,53
96,99,53
96,100,53
97,75,54
97,76,54
97,77,54
97,78,54
97,79,54
97,80,54
97,81,54
97,82,54
97,83,54
97,84,54
97,85,54
97,86,54
97,87,54
97,88,54
97,89,54
97,90,54
97,91,54
97,92,54
97,93,54
97,94,54
97,95,54
97,96,54
97,97,54
97,98,54
97,99,54
97,100,54
97,75,55
97,76,55
97,77,55
97,78,55
97,79,55
97,80,55
97,81,55
97,82,55
97,83,55
97,84,55
97,85,55
97,86,55
97,87,55
97,88,55
97,89,55
97,90,55
97,91,55
97,92,55
97,93,55
97,94,55
97,95,55
97,96,55
97,97,55
97,98,55
97,99,55
97,100,55
97,75,56
97,76,56
97,77,56
97,78,56
97,79,56
97,80,56
97,81,56
97,82,56
97,83,56
97,84,56
97,85,56
97,86,56
97,87,56
97,88,56
97,89,56
97,90,56
97,91,56
97,92,56
97,93,56
97,94,56
97,95,56
97,96,56
97,97,56
97,98,56
97,99,56
97,100,56
97,75,57
97,76,57
97,77,57
97,78,57
97,79,57
97,80,57
97,81,57
97,82,57
97,83,57
97,84,57
97,85,57
97,86,57
97,87,57
97,88,57
97,89,57
97,90,57
97,91,57
97,92,57
97,93,57
97,94,57
97,95,57
97,96,57
97,97,57
97,98,57
97,99,57
97,100,57
97,75,58
97,76,58
97,77,58
97,78,58
97,79,58
97,80,58
97,81,58
97,82,58
97,83,58
97,84,58
97,85,58
97,86,58
97,87,58
97,88,58
97,89,58
97,90,58
97,91,58
97,92,58
97,93,58
97,94,58
97,95,58
97,96,58
97,97,58
97,98,58
97,99,58
97,100,58
97,75,59
97,76,59
97,77,59
97,78,59
97,79,59
97,80,59
97,81,59
97,82,59
97,83,59
97,84,59
97,85,59
97,86,59
97,87,59
97,88,59
97,89,59
97,90,59
97,91,59
97,92,59
97,93,59
97,94,59
97,95,59
97,96,59
97,97,59
97,98,59
97,99,59
97,100,59
97,75,60
97,76,60
97,77,60
97,78,60
97,79,60
97,80,60
97,81,60
97,82,60
97,83,60
97,84,60
97,85,60
97,86,60
97,87,60
97,88,60
97,89,60
97,90,60
97,91,60
97,92,60
97,93,60
97,94,60
97,95,60
97,96,60
97,97,60
97,98,60
97,99,60
97,100,60
98,75,61
98,76,61
98,77,61
98,78,61
98,79,61
98,80,61
98,81,61
98,82,61
98,83,61
98,84,61
98,85,61
98,86,61
98,87,61
98,88,61
98,89,61
98,90,61
98,91,61
98,92,61
98,93,61
98,94,61
98,95,61
98,96,61
98,97,61
98,98,61
98,99,61
98,100,61
98,75,62
98,76,62
98,77,62
98,78,62
98,79,62
98,80,62
98,81,62
98,82,62
98,83,62
98,84,62
98,85,62
98,86,62
98,87,62
98,88,62
98,89,62
98,90,62
98,91,62
98,92,62
98,93,62
98,94,62
98,95,62
98,96,62
98,97,62
98,98,62
98,99,62
98,100,62
98,75,63
98,76,63
98,77,63
98,78,63
98,79,63
98,80,63
98,81,63
98,82,63
98,83,63
98,84,63
98,85,63
98,86,63
98,87,63
98,88,63
98,89,63
98,90,63
98,91,63
98,92,63
98,93,63
98,94,63
98,95,63
98,96,63
98,97,63
98,98,63
98,99,63
98,100,63
98,75,64
98,76,64
98,77,64
98,78,64
98,79,64
98,80,64
98,81,64
98,82,64
98,83,64
98,84,64
98,85,64
98,86,64
98,87,64
98,88,64
98,89,64
98,90,64
98,91,64
98,92,64
98,93,64
98,94,64
98,95,64
98,96,64
98,97,64
98,98,64
98,99,64
98,100,64
98,75,65
98,76,65
98,77,65
98,78,65
98,79,65
98,80,65
98,81,65
98,82,65
98,83,65
98,84,65
98,85,65
98,86,65
98,87,65
98,88,65
98,89,65
98,90,65
98,91,65
98,92,65
98,93,65
98,94,65
98,95,65
98,96,65
98,97,65
98,98,65
98,99,65
98,100,65
98,75,66
98,76,66
98,77,66
98,78,66
98,79,66
98,80,66
98,81,66
98,82,66
98,83,66
98,84,66
98,85,66
98,86,66
98,87,66
98,88,66
98,89,66
98,90,66
98,91,66
98,92,66
98,93,66
98,94,66
98,95,66
98,96,66
98,97,66
98,98,66
98,99,66
98,100,66
98,75,67
98,76,67
98,77,67
98,78,67
98,79,67
98,80,67
98,81,67
98,82,67
98,83,67
98,84,67
98,85,67
98,86,67
98,87,67
98,88,67
98,89,67
98,90,67
98,91,67
98,92,67
98,93,67
98,94,67
98,95,67
98,96,67
98,97,67
98,98,67
98,99,67
98,100,67
99,75,68
99,76,68
99,77,68
99,78,68
99,79,68
99,80,68
99,81,68
99,82,68
99,83,68
99,84,68
99,85,68
99,86,68
99,87,68
99,88,68
99,89,68
99,90,68
99,91,68
99,92,68
99,93,68
99,94,68
99,95,68
99,96,68
99,97,68
99,98,68
99,99,68
99,100,68
99,75,69
99,76,69
99,77,69
99,78,69
99,79,69
99,80,69
99,81,69
99,82,69
99,83,69
99,84,69
99,85,69
99,86,69
99,87,69
99,88,69
99,89,69
99,90,69
99,91,69
99,92,69
99,93,69
99,94,69
99,95,69
99,96,69
99,97,69
99,98,69
99,99,69
99,100,69
99,74,70
99,75,70
99,76,70
99,77,70
99,78,70
99,79,70
99,80,70
99,81,70
99,82,70
99,83,70
99,84,70
99,85,70
99,86,70
99,87,70
99,88,70
99,89,70
99,90,70
99,91,70
99,92,70
99,93,70
99,94,70
99,95,70
99,96,70
99,97,70
99,98,70
99,99,70
99,100,70
99,74,71
99,75,71
99,76,71
99,77,71
99,78,71
99,79,71
99,80,71
99,81,71
99,82,71
99,83,71
99,84,71
99,85,71
99,86,71
99,87,71
99,88,71
99,89,71
99,90,71
99,91,71
99,92,71
99,93,71
99,94,71
99,95,71
99,96,71
99,97,71
99,98,71
99,99,71
99,100,71
99,74,72
99,75,72
99,76,72
99,77,72
99,78,72
99,79,72
99,80,72
99,81,72
99,82,72
99,83,72
99,84,72
99,85,72
99,86,72
99,87,72
99,88,72
99,89,72
99,90,72
99,91,72
99,92,72
99,93,72
99,94,72
99,95,72
99,96,72
99,97,72
99,98,72
99,99,72
99,100,72
99,73,73
99,74,73
99,75,73
99,76,73
99,77,73
99,78,73
99,79,73
99,80,73
99,81,73
99,82,73
99,83,73
99,84,73
99,85,73
99,86,73
99,87,73
99,88,73
99,89,73
99,90,73
99,91,73
99,92,73
99,93,73
99,94,73
99,95,73
99,96,73
99,97,73
99,98,73
99,99,73
99,100,73
99,74,74
99,75,74
99,76,74
99,77,74
99,78,74
99,79,74
99,80,74
99,81,74
99,82,74
99,83,74
99,84,74
99,85,74
99,86,74
99,87,74
99,88,74
99,89,74
99,90,74
99,91,74
99,92,74
99,93,74
99,94,74
99,95,74
99,96,74
99,97,74
99,98,74
99,99,74
99,100,74
100,75,75
100,76,75
100,77,75
100,78,75
100,79,75
100,80,75
100,81,75
100,82,75
100,83,75
100,84,75
100,85,75
100,86,75
100,87,75
100,88,75
100,89,75
100,90,75
100,91,75
100,92,75
100,93,75
100,94,75
100,95,75
100,96,75
100,97,75
100,98,75
100,99,75
100,100,75
100,76,76
100,77,76
100,78,76
100,79,76
100,80,76
100,81,76
100,82,76
100,83,76
100,84,76
100,85,76
100,86,76
100,87,76
100,88,76
100,89,76
100,90,76
100,91,76
100,92,76
100,93,76
100,94,76
100,95,76
100,96,76
100,97,76
100,98,76
100,99,76
100,100,76
100,77,77
100,78,77
100,79,77
100,80,77
100,81,77
100,82,77
100,83,77
100,84,77
100,85,77
100,86,77
100,87,77
100,88,77
100,89,77
100,90,77
100,91,77
100,92,77
100,93,77
100,94,77
100,95,77
100,96,77
100,97,77
100,98,77
100,99,77
100,100,77
100,78,78
100,79,78
100,80,78
100,81,78
100,82,78
100,83,78
100,84,78
100,85,78
100,86,78
100,87,78
100,88,78
100,89,78
100,90,78
100,91,78
100,92,78
100,93,78
100,94,78
100,95,78
100,96,78
100,97,78
100,98,78
100,99,78
100,100,78
100,79,79
100,80,79
100,81,79
100,82,79
100,83,79
100,84,79
100,85,79
100,86,79
100,87,79
100,88,79
100,89,79
100,90,79
100,91,79
100,92,79
100,93,79
100,94,79
100,95,79
100,96,79
100,97,79
100,98,79
100,99,79
100,100,79
100,80,80
100,81,80
100,82,80
100,83,80
100,84,80
100,85,80
100,86,80
100,87,80
100,88,80
100,89,80
100,90,80
100,91,80
100,92,80
100,93,80
100,94,80
100,95,80
100,96,80
100,97,80
100,98,80
100,99,80
100,100,80
100,81,81
100,82,81
100,83,81
100,84,81
100,85,81
100,86,81
100,87,81
100,88,81
100,89,81
100,90,81
100,91,81
100,92,81
100,93,81
100,94,81
100,95,81
100,96,81
100,97,81
100,98,81
100,99,81
100,100,81
101,82,82
101,83,82
101,84,82
101,85,82
101,86,82
101,87,82
101,88,82
101,89,82
101,90,82
101,91,82
101,92,82
101,93,82
101,94,82
101,95,82
101,96,82
101,97,82
101,98,82
101,99,82
101,100,82
101,82,83
101,83,83
101,84,83
101,85,83
101,86,83
101,87,83
101,88,83
101,89,83
101,90,83
101,91,83
101,92,83
101,93,83
101,94,83
101,95,83
101,96,83
101,97,83
101,98,83
101,99,83
101,100,83
101,82,84
101,83,84
101,84,84
101,85,84
101,86,84
101,87,84
101,88,84
101,89,84
101,90,84
101,91,84
101,92,84
101,93,84
101,94,84
101,95,84
101,96,84
101,97,84
101,98,84
101,99,84
101,100,84
101,82,85
101,83,85
101,84,85
101,85,85
101,86,85
101,87,85
101,88,85
101,89,85
101,90,85
101,91,85
101,92,85
101,93,85
101,94,85
101,95,85
101,96,85
101,97,85
101,98,85
101,99,85
101,100,85
101,82,86
101,83,86
101,84,86
101,85,86
101,86,86
101,87,86
101,88,86
101,89,86
101,90,86
101,91,86
101,92,86
101,93,86
101,94,86
101,95,86
101,96,86
101,97,86
101,98,86
101,99,86
101,100,86
101,82,87
101,83,87
101,84,87
101,85,87
101,86,87
101,87,87
101,88,87
101,89,87
101,90,87
101,91,87
101,92,87
101,93,87
101,94,87
101,95,87
101,96,87
101,97,87
101,98,87
101,99,87
101,100,87
101,82,88
101,83,88
101,84,88
101,85,88
101,86,88
101,87,88
101,88,88
101,89,88
101,90,88
101,91,88
101,92,88
101,93,88
101,94,88
101,95,88
101,96,88
101,97,88
101,98,88
101,99,88
101,100,88
101,82,89
101,83,89
101,84,89
101,85,89
101,86,89
101,87,89
101,88,89
101,89,89
101,90,89
101,91,89
101,92,89
101,93,89
101,94,89
101,95,89
101,96,89
101,97,89
101,98,89
101,99,89
101,100,89
101,82,90
101,83,90
101,84,90
101,85,90
101,86,90
101,87,90
101,88,90
101,89,90
101,90,90
101,91,90
101,92,90
101,93,90
101,94,90
101,95,90
101,96,90
101,97,90
101,98,90
101,99,90
101,100,90
101,82,91
101,83,91
101,84,91
101,85,91
101,86,91
101,87,91
101,88,91
101,89,91
101,90,91
101,91,91
101,92,91
101,93,91
101,94,91
101,95,91
101,96,91
101,97,91
101,98,91
101,99,91
101,100,91
101,82,92
101,83,92
101,84,92
101,85,92
101,86,92
101,87,92
101,88,92
101,89,92
101,90,92
101,91,92
101,92,92
101,93,92
101,94,92
101,95,92
101,96,92
101,97,92
101,98,92
101,99,92
101,100,92
101,82,93
101,83,93
101,84,93
101,85,93
101,86,93
101,87,93
101,88,93
101,89,93
101,90,93
101,91,93
101,92,93
101,93,93
101,94,93
101,95,93
101,96,93
101,97,93
101,98,93
101,99,93
101,100,93
101,82,94
101,83,94
101,84,94
101,85,94
101,86,94
101,87,94
101,88,94
101,89,94
101,90,94
101,91,94
101,92,94
101,93,94
101,94,94
101,95,94
101,96,94
101,97,94
101,98,94
101,99,94
101,100,94
101,82,95
101,83,95
101,84,95
101,85,95
101,86,95
101,87,95
101,88,95
101,89,95
101,90,95
101,91,95
101,92,95
101,93,95
101,94,95
101,95,95
101,96,95
101,97,95
101,98,95
101,99,95
101,100,95
101,82,96
101,83,96
101,84,96
101,85,96
101,86,96
101,87,96
101,88,96
101,89,96
101,90,96
101,91,96
101,92,96
101,93,96
101,94,96
101,95,96
101,96,96
101,97,96
101,98,96
101,99,96
101,100,96
101,82,97
101,83,97
101,84,97
101,85,97
101,86,97
101,87,97
101,88,97
101,89,97
101,90,97
101,91,97
101,92,97
101,93,97
101,94,97
101,95,97
101,96,97
101,97,97
101,98,97
101,99,97
101,100,97
101,82,98
101,83,98
101,84,98
101,85,98
101,86,98
101,87,98
101,88,98
101,89,98
101,90,98
101,91,98
101,92,98
101,93,98
101,94,98
101,95,98
101,96,98
101,97,98
101,98,98
101,99,98
101,100,98
101,82,99
101,83,99
101,84,99
101,85,99
101,86,99
101,87,99
101,88,99
101,89,99
101,90,99
101,91,99
101,92,99
101,93,99
101,94,99
101,95,99
101,96,99
101,97,99
101,98,99
101,99,99
101,100,99
101,82,100
101,83,100
101,84,100
101,85,100
101,86,100
101,87,100
101,88,100
101,89,100
101,90,100
101,91,100
101,92,100
101,93,100
101,94,100
101,95,100
101,96,100
101,97,100
101,98,100
101,99,100
101,100,100
102,75,76
102,75,77
102,76,77
102,75,78
102,76,78
102,77,78
102,75,79
102,76,79
102,77,79
102,78,79
102,75,80
102,76,80
102,77,80
102,78,80
102,79,80
102,75,81
102,76,81
102,77,81
102,78,81
102,79,81
102,80,81
102,75,82
102,76,82
102,77,82
102,78,82
102,79,82
102,80,82
102,81,82
102,75,83
102,76,83
102,77,83
102,78,83
102,79,83
102,80,83
102,81,83
102,75,84
102,76,84
102,77,84
102,78,84
102,79,84
102,80,84
102,81,84
102,75,85
102,76,85
102,77,85
102,78,85
102,79,85
102,80,85
102,81,85
102,75,86
102,76,86
102,77,86
102,78,86
102,79,86
102,80,86
102,81,86
102,75,87
102,76,87
102,77,87
102,78,87
102,79,87
102,80,87
102,81,87
102,75,88
102,76,88
102,77,88
102,78,88
102,79,88
102,80,88
102,81,88
102,75,89
102,76,89
102,77,89
102,78,89
102,79,89
102,80,89
102,81,89
102,75,90
102,76,90
102,77,90
102,78,90
102,79,90
102,80,90
102,81,90
102,75,91
102,76,91
102,77,91
102,78,91
102,79,91
102,80,91
102,81,91
102,75,92
102,76,92
102,77,92
102,78,92
102,79,92
102,80,92
102,81,92
102,75,93
102,76,93
102,77,93
102,78,93
102,79,93
102,80,93
102,81,93
102,75,94
102,76,94
102,77,94
102,78,94
102,79,94
102,80,94
102,81,94
102,75,95
102,76,95
102,77,95
102,78,95
102,79,95
102,80,95
102,81,95
102,75,96
102,76,96
102,77,96
102,78,96
102,79,96
102,80,96
102,81,96
102,75,97
102,76,97
102,77,97
102,78,97
102,79,97
102,80,97
102,81,97
102,75,98
102,76,98
102,77,98
102,78,98
102,79,98
102,80,98
102,81,98
102,75,99
102,76,99
102,77,99
102,78,99
102,79,99
102,80,99
102,81,99
102,75,100
102,76,100
102,77,100
102,78,100
102,79,100
102,80,100
102,81,100
103,70,74
103,71,74
103,72,74
103,73,74
103,68,75
103,69,75
103,70,75
103,71,75
103,72,75
103,73,75
103,74,75
103,68,76
103,69,76
103,70,76
103,71,76
103,72,76
103,73,76
103,74,76
103,68,77
103,69,77
103,70,77
103,71,77
103,72,77
103,73,77
103,74,77
103,68,78
103,69,78
103,70,78
103,71,78
103,72,78
103,73,78
103,74,78
103,68,79
103,69,79
103,70,79
103,71,79
103,72,79
103,73,79
103,74,79
103,68,80
103,69,80
103,70,80
103,71,80
103,72,80
103,73,80
103,74,80
103,68,81
103,69,81
103,70,81
103,71,81
103,72,81
103,73,81
103,74,81
103,68,82
103,69,82
103,70,82
103,71,82
103,72,82
103,73,82
103,74,82
103,68,83
103,69,83
103,70,83
103,71,83
103,72,83
103,73,83
103,74,83
103,68,84
103,69,84
103,70,84
103,71,84
103,72,84
103,73,84
103,74,84
103,68,85
103,69,85
103,70,85
103,71,85
103,72,85
103,73,85
103,74,85
103,68,86
103,69,86
103,70,86
103,71,86
103,72,86
103,73,86
103,74,86
103,68,87
103,69,87
103,70,87
103,71,87
103,72,87
103,73,87
103,74,87
103,68,88
103,69,88
103,70,88
103,71,88
103,72,88
103,73,88
103,74,88
103,68,89
103,69,89
103,70,89
103,71,89
103,72,89
103,73,89
103,74,89
103,68,90
103,69,90
103,70,90
103,71,90
103,72,90
103,73,90
103,74,90
103,68,91
103,69,91
103,70,91
103,71,91
103,72,91
103,73,91
103,74,91
103,68,92
103,69,92
103,70,92
103,71,92
103,72,92
103,73,92
103,74,92
103,68,93
103,69,93
103,70,93
103,71,93
103,72,93
103,73,93
103,74,93
103,68,94
103,69,94
103,70,94
103,71,94
103,72,94
103,73,94
103,74,94
103,68,95
103,69,95
103,70,95
103,71,95
103,72,95
103,73,95
103,74,95
103,68,96
103,69,96
103,70,96
103,71,96
103,72,96
103,73,96
103,74,96
103,68,97
103,69,97
103,70,97
103,71,97
103,72,97
103,73,97
103,74,97
103,68,98
103,69,98
103,70,98
103,71,98
103,72,98
103,73,98
103,74,98
103,68,99
103,69,99
103,70,99
103,71,99
103,72,99
103,73,99
103,74,99
103,68,100
103,69,100
103,70,100
103,71,100
103,72,100
103,73,100
103,74,100
104,61,75
104,62,75
104,63,75
104,64,75
104,65,75
104,66,75
104,67,75
104,61,76
104,62,76
104,63,76
104,64,76
104,65,76
104,66,76
104,67,76
104,61,77
104,62,77
104,63,77
104,64,77
104,65,77
104,66,77
104,67,77
104,61,78
104,62,78
104,63,78
104,64,78
104,65,78
104,66,78
104,67,78
104,61,79
104,62,79
104,63,79
104,64,79
104,65,79
104,66,79
104,67,79
104,61,80
104,62,80
104,63,80
104,64,80
104,65,80
104,66,80
104,67,80
104,61,81
104,62,81
104,63,81
104,64,81
104,65,81
104,66,81
104,67,81
104,61,82
104,62,82
104,63,82
104,64,82
104,65,82
104,66,82
104,67,82
104,61,83
104,62,83
104,63,83
104,64,83
104,65,83
104,66,83
104,67,83
104,61,84
104,62,84
104,63,84
104,64,84
104,65,84
104,66,84
104,67,84
104,61,85
104,62,85
104,63,85
104,64,85
104,65,85
104,66,85
104,67,85
104,61,86
104,62,86
104,63,86
104,64,86
104,65,86
104,66,86
104,67,86
104,61,87
104,62,87
104,63,87
104,64,87
104,65,87
104,66,87
104,67,87
104,61,88
104,62,88
104,63,88
104,64,88
104,65,88
104,66,88
104,67,88
104,61,89
104,62,89
104,63,89
104,64,89
104,65,89
104,66,89
104,67,89
104,61,90
104,62,90
104,63,90
104,64,90
104,65,90
104,66,90
104,67,90
104,61,91
104,62,91
104,63,91
104,64,91
104,65,91
104,66,91
104,67,91
104,61,92
104,62,92
104,63,92
104,64,92
104,65,92
104,66,92
104,67,92
104,61,93
104,62,93
104,63,93
104,64,93
104,65,93
104,66,93
104,67,93
104,61,94
104,62,94
104,63,94
104,64,94
104,65,94
104,66,94
104,67,94
104,61,95
104,62,95
104,63,95
104,64,95
104,65,95
104,66,95
104,67,95
104,61,96
104,62,96
104,63,96
104,64,96
104,65,96
104,66,96
104,67,96
104,61,97
104,62,97
104,63,97
104,64,97
104,65,97
104,66,97
104,67,97
104,61,98
104,62,98
104,63,98
104,64,98
104,65,98
104,66,98
104,67,98
104,61,99
104,62,99
104,63,99
104,64,99
104,65,99
104,66,99
104,67,99
104,61,100
104,62,100
104,63,100
104,64,100
104,65,100
104,66,100
104,67,100
105,54,75
105,55,75
105,56,75
105,57,75
105,58,75
105,59,75
105,60,75
105,54,76
105,55,76
105,56,76
105,57,76
105,58,76
105,59,76
105,60,76
105,54,77
105,55,77
105,56,77
105,57,77
105,58,77
105,59,77
105,60,77
105,54,78
105,55,78
105,56,78
105,57,78
105,58,78
105,59,78
105,60,78
105,54,79
105,55,79
105,56,79
105,57,79
105,58,79
105,59,79
105,60,79
105,54,80
105,55,80
105,56,80
105,57,80
105,58,80
105,59,80
105,60,80
105,54,81
105,55,81
105,56,81
105,57,81
105,58,81
105,59,81
105,60,81
105,54,82
105,55,82
105,56,82
105,57,82
105,58,82
105,59,82
105,60,82
105,54,83
105,55,83
105,56,83
105,57,83
105,58,83
105,59,83
105,60,83
105,54,84
105,55,84
105,56,84
105,57,84
105,58,84
105,59,84
105,60,84
105,54,85
105,55,85
105,56,85
105,57,85
105,58,85
105,59,85
105,60,85
105,54,86
105,55,86
105,56,86
105,57,86
105,58,86
105,59,86
105,60,86
105,54,87
105,55,87
105,56,87
105,57,87
105,58,87
105,59,87
105,60,87
105,54,88
105,55,88
105,56,88
105,57,88
105,58,88
105,59,88
105,60,88
105,54,89
105,55,89
105,56,89
105,57,89
105,58,89
105,59,89
105,60,89
105,54,90
105,55,90
105,56,90
105,57,90
105,58,90
105,59,90
105,60,90
105,54,91
105,55,91
105,56,91
105,57,91
105,58,91
105,59,91
105,60,91
105,54,92
105,55,92
105,56,92
105,57,92
105,58,92
105,59,92
105,60,92
105,54,93
105,55,93
105,56,93
105,57,93
105,58,93
105,59,93
105,60,93
105,54,94
105,55,94
105,56,94
105,57,94
105,58,94
105,59,94
105,60,94
105,54,95
105,55,95
105,56,95
105,57,95
105,58,95
105,59,95
105,60,95
105,54,96
105,55,96
105,56,96
105,57,96
105,58,96
105,59,96
105,60,96
105,54,97
105,55,97
105,56,97
105,57,97
105,58,97
105,59,97
105,60,97
105,54,98
105,55,98
105,56,98
105,57,98
105,58,98
105,59,98
105,60,98
105,54,99
105,55,99
105,56,99
105,57,99
105,58,99
105,59,99
105,60,99
105,54,100
105,55,100
105,56,100
105,57,100
105,58,100
105,59,100
105,60,100
106,47,75
106,48,75
106,49,75
106,50,75
106,51,75
106,52,75
106,53,75
106,47,76
106,48,76
106,49,76
106,50,76
106,51,76
106,52,76
106,53,76
106,47,77
106,48,77
106,49,77
106,50,77
106,51,77
106,52,77
106,53,77
106,47,78
106,48,78
106,49,78
106,50,78
106,51,78
106,52,78
106,53,78
106,47,79
106,48,79
106,49,79
106,50,79
106,51,79
106,52,79
106,53,79
106,47,80
106,48,80
106,49,80
106,50,80
106,51,80
106,52,80
106,53,80
106,47,81
106,48,81
106,49,81
106,50,81
106,51,81
106,52,81
106,53,81
106,47,82
106,48,82
106,49,82
106,50,82
106,51,82
106,52,82
106,53,82
106,47,83
106,48,83
106,49,83
106,50,83
106,51,83
106,52,83
106,53,83
106,47,84
106,48,84
106,49,84
106,50,84
106,51,84
106,52,84
106,53,84
106,47,85
106,48,85
106,49,85
106,50,85
106,51,85
106,52,85
106,53,85
106,47,86
106,48,86
106,49,86
106,50,86
106,51,86
106,52,86
106,53,86
106,47,87
106,48,87
106,49,87
106,50,87
106,51,87
106,52,87
106,53,87
106,47,88
106,48,88
106,49,88
106,50,88
106,51,88
106,52,88
106,53,88
106,47,89
106,48,89
106,49,89
106,50,89
106,51,89
106,52,89
106,53,89
106,47,90
106,48,90
106,49,90
106,50,90
106,51,90
106,52,90
106,53,90
106,47,91
106,48,91
106,49,91
106,50,91
106,51,91
106,52,91
106,53,91
106,47,92
106,48,92
106,49,92
106,50,92
106,51,92
106,52,92
106,53,92
106,47,93
106,48,93
106,49,93
106,50,93
106,51,93
106,52,93
106,53,93
106,47,94
106,48,94
106,49,94
106,50,94
106,51,94
106,52,94
106,53,94
106,47,95
106,48,95
106,49,95
106,50,95
106,51,95
106,52,95
106,53,95
106,47,96
106,48,96
106,49,96
106,50,96
106,51,96
106,52,96
106,53,96
106,47,97
106,48,97
106,49,97
106,50,97
106,51,97
106,52,97
106,53,97
106,47,98
106,48,98
106,49,98
106,50,98
106,51,98
106,52,98
106,53,98
106,47,99
106,48,99
106,49,99
106,50,99
106,51,99
106,52,99
106,53,99
106,47,100
106,48,100
106,49,100
106,50,100
106,51,100
106,52,100
106,53,100
107,40,75
107,41,75
107,42,75
107,43,75
107,44,75
107,45,75
107,46,75
107,40,76
107,41,76
107,42,76
107,43,76
107,44,76
107,45,76
107,46,76
107,40,77
107,41,77
107,42,77
107,43,77
107,44,77
107,45,77
107,46,77
107,40,78
107,41,78
107,42,78
107,43,78
107,44,78
107,45,78
107,46,78
107,40,79
107,41,79
107,42,79
107,43,79
107,44,79
107,45,79
107,46,79
107,40,80
107,41,80
107,42,80
107,43,80
107,44,80
107,45,80
107,46,80
107,40,81
107,41,81
107,42,81
107,43,81
107,44,81
107,45,81
107,46,81
107,40,82
107,41,82
107,42,82
107,43,82
107,44,82
107,45,82
107,46,82
107,40,83
107,41,83
107,42,83
107,43,83
107,44,83
107,45,83
107,46,83
107,40,84
107,41,84
107,42,84
107,43,84
107,44,84
107,45,84
107,46,84
107,40,85
107,41,85
107,42,85
107,43,85
107,44,85
107,45,85
107,46,85
107,40,86
107,41,86
107,42,86
107,43,86
107,44,86
107,45,86
107,46,86
107,40,87
107,41,87
107,42,87
107,43,87
107,44,87
107,45,87
107,46,87
107,40,88
107,41,88
107,42,88
107,43,88
107,44,88
107,45,88
107,46,88
107,40,89
107,41,89
107,42,89
107,43,89
107,44,89
107,45,89
107,46,89
107,40,90
107,41,90
107,42,90
107,43,90
107,44,90
107,45,90
107,46,90
107,40,91
107,41,91
107,42,91
107,43,91
107,44,91
107,45,91
107,46,91
107,40,92
107,41,92
107,42,92
107,43,92
107,44,92
107,45,92
107,46,92
107,40,93
107,41,93
107,42,93
107,43,93
107,44,93
107,45,93
107,46,93
107,40,94
107,41,94
107,42,94
107,43,94
107,44,94
107,45,94
107,46,94
107,40,95
107,41,95
107,42,95
107,43,95
107,44,95
107,45,95
107,46,95
107,40,96
107,41,96
107,42,96
107,43,96
107,44,96
107,45,96
107,46,96
107,40,97
107,41,97
107,42,97
107,43,97
107,44,97
107,45,97
107,46,97
107,40,98
107,41,98
107,42,98
107,43,98
107,44,98
107,45,98
107,46,98
107,40,99
107,41,99
107,42,99
107,43,99
107,44,99
107,45,99
107,46,99
107,40,100
107,41,100
107,42,100
107,43,100
107,44,100
107,45,100
107,46,100
108,33,75
108,34,75
108,35,75
108,36,75
108,37,75
108,38,75
108,39,75
108,33,76
108,34,76
108,35,76
108,36,76
108,37,76
108,38,76
108,39,76
108,33,77
108,34,77
108,35,77
108,36,77
108,37,77
108,38,77
108,39,77
108,33,78
108,34,78
108,35,78
108,36,78
108,37,78
108,38,78
108,39,78
108,33,79
108,34,79
108,35,79
108,36,79
108,37,79
108,38,79
108,39,79
108,33,80
108,34,80
108,35,80
108,36,80
108,37,80
108,38,80
108,39,80
108,33,81
108,34,81
108,35,81
108,36,81
108,37,81
108,38,81
108,39,81
108,33,82
108,34,82
108,35,82
108,36,82
108,37,82
108,38,82
108,39,82
108,33,83
108,34,83
108,35,83
108,36,83
108,37,83
108,38,83
108,39,83
108,33,84
108,34,84
108,35,84
108,36,84
108,37,84
108,38,84
108,39,84
108,33,85
108,34,85
108,35,85
108,36,85
108,37,85
108,38,85
108,39,85
108,33,86
108,34,86
108,35,86
108,36,86
108,37,86
108,38,86
108,39,86
108,33,87
108,34,87
108,35,87
108,36,87
108,37,87
108,38,87
108,39,87
108,33,88
108,34,88
108,35,88
108,36,88
108,37,88
108,38,88
108,39,88
108,33,89
108,34,89
108,35,89
108,36,89
108,37,89
108,38,89
108,39,89
108,33,90
108,34,90
108,35,90
108,36,90
108,37,90
108,38,90
108,39,90
108,33,91
108,34,91
108,35,91
108,36,91
108,37,91
108,38,91
108,39,91
108,33,92
108,34,92
108,35,92
108,36,92
108,37,92
108,38,92
108,39,92
108,33,93
108,34,93
108,35,93
108,36,93
108,37,93
108,38,93
108,39,93
108,33,94
108,34,94
108,35,94
108,36,94
108,37,94
108,38,94
108,39,94
108,33,95
108,34,95
108,35,95
108,36,95
108,37,95
108,38,95
108,39,95
108,33,96
108,34,96
108,35,96
108,36,96
108,37,96
108,38,96
108,39,96
108,33,97
108,34,97
108,35,97
108,36,97
108,37,97
108,38,97
108,39,97
108,33,98
108,34,98
108,35,98
108,36,98
108,37,98
108,38,98
108,39,98
108,33,99
108,34,99
108,35,99
108,36,99
108,37,99
108,38,99
108,39,99
108,33,100
108,34,100
108,35,100
108,36,100
108,37,100
108,38,100
108,39,100
109,27,73
109,26,74
109,27,74
109,28,74
109,29,74
109,30,74
109,26,75
109,27,75
109,28,75
109,29,75
109,30,75
109,31,75
109,32,75
109,26,76
109,27,76
109,28,76
109,29,76
109,30,76
109,31,76
109,32,76
109,26,77
109,27,77
109,28,77
109,29,77
109,30,77
109,31,77
109,32,77
109,26,78
109,27,78
109,28,78
109,29,78
109,30,78
109,31,78
109,32,78
109,26,79
109,27,79
109,28,79
109,29,79
109,30,79
109,31,79
109,32,79
109,26,80
109,27,80
109,28,80
109,29,80
109,30,80
109,31,80
109,32,80
109,26,81
109,27,81
109,28,81
109,29,81
109,30,81
109,31,81
109,32,81
109,26,82
109,27,82
109,28,82
109,29,82
109,30,82
109,31,82
109,32,82
109,26,83
109,27,83
109,28,83
109,29,83
109,30,83
109,31,83
109,32,83
109,26,84
109,27,84
109,28,84
109,29,84
109,30,84
109,31,84
109,32,84
109,26,85
109,27,85
109,28,85
109,29,85
109,30,85
109,31,85
109,32,85
109,26,86
109,27,86
109,28,86
109,29,86
109,30,86
109,31,86
109,32,86
109,26,87
109,27,87
109,28,87
109,29,87
109,30,87
109,31,87
109,32,87
109,26,88
109,27,88
109,28,88
109,29,88
109,30,88
109,31,88
109,32,88
109,26,89
109,27,89
109,28,89
109,29,89
109,30,89
109,31,89
109,32,89
109,26,90
109,27,90
109,28,90
109,29,90
109,30,90
109,31,90
109,32,90
109,26,91
109,27,91
109,28,91
109,29,91
109,30,91
109,31,91
109,32,91
109,26,92
109,27,92
109,28,92
109,29,92
109,30,92
109,31,92
109,32,92
109,26,93
109,27,93
109,28,93
109,29,93
109,30,93
109,31,93
109,32,93
109,26,94
109,27,94
109,28,94
109,29,94
109,30,94
109,31,94
109,32,94
109,26,95
109,27,95
109,28,95
109,29,95
109,30,95
109,31,95
109,32,95
109,26,96
109,27,96
109,28,96
109,29,96
109,30,96
109,31,96
109,32,96
109,26,97
109,27,97
109,28,97
109,29,97
109,30,97
109,31,97
109,32,97
109,26,98
109,27,98
109,28,98
109,29,98
109,30,98
109,31,98
109,32,98
109,26,99
109,27,99
109,28,99
109,29,99
109,30,99
109,31,99
109,32,99
109,26,100
109,27,100
109,28,100
109,29,100
109,30,100
109,31,100
109,32,100
110,25,75
110,24,76
110,25,76
110,23,77
110,24,77
110,25,77
110,22,78
110,23,78
110,24,78
110,25,78
110,21,79
110,22,79
110,23,79
110,24,79
110,25,79
110,20,80
110,21,80
110,22,80
110,23,80
110,24,80
110,25,80
110,19,81
110,20,81
110,21,81
110,22,81
110,23,81
110,24,81
110,25,81
110,19,82
110,20,82
110,21,82
110,22,82
110,23,82
110,24,82
110,25,82
110,19,83
110,20,83
110,21,83
110,22,83
110,23,83
110,24,83
110,25,83
110,19,84
110,20,84
110,21,84
110,22,84
110,23,84
110,24,84
110,25,84
110,19,85
110,20,85
110,21,85
110,22,85
110,23,85
110,24,85
110,25,85
110,19,86
110,20,86
110,21,86
110,22,86
110,23,86
110,24,86
110,25,86
110,19,87
110,20,87
110,21,87
110,22,87
110,23,87
110,24,87
110,25,87
110,19,88
110,20,88
110,21,88
110,22,88
110,23,88
110,24,88
110,25,88
110,19,89
110,20,89
110,21,89
110,22,89
110,23,89
110,24,89
110,25,89
110,19,90
110,20,90
110,21,90
110,22,90
110,23,90
110,24,90
110,25,90
110,19,91
110,20,91
110,21,91
110,22,91
110,23,91
110,24,91
110,25,91
110,19,92
110,20,92
110,21,92
110,22,92
110,23,92
110,24,92
110,25,92
110,19,93
110,20,93
110,21,93
110,22,93
110,23,93
110,24,93
110,25,93
110,19,94
110,20,94
110,21,94
110,22,94
110,23,94
110,24,94
110,25,94
110,19,95
110,20,95
110,21,95
110,22,95
110,23,95
110,24,95
110,25,95
110,19,96
110,20,96
110,21,96
110,22,96
110,23,96
110,24,96
110,25,96
110,19,97
110,20,97
110,21,97
110,22,97
110,23,97
110,24,97
110,25,97
110,19,98
110,20,98
110,21,98
110,22,98
110,23,98
110,24,98
110,25,98
110,19,99
110,20,99
110,21,99
110,22,99
110,23,99
110,24,99
110,25,99
110,19,100
110,20,100
110,21,100
110,22,100
110,23,100
110,24,100
110,25,100
111,0,82
111,1,82
111,2,82
111,3,82
111,4,82
111,5,82
111,6,82
111,7,82
111,8,82
111,9,82
111,10,82
111,11,82
111,12,82
111,13,82
111,14,82
111,15,82
111,16,82
111,17,82
111,18,82
111,0,83
111,1,83
111,2,83
111,3,83
111,4,83
111,5,83
111,6,83
111,7,83
111,8,83
111,9,83
111,10,83
111,11,83
111,12,83
111,13,83
111,14,83
111,15,83
111,16,83
111,17,83
111,18,83
111,0,84
111,1,84
111,2,84
111,3,84
111,4,84
111,5,84
111,6,84
111,7,84
111,8,84
111,9,84
111,10,84
111,11,84
111,12,84
111,13,84
111,14,84
111,15,84
111,16,84
111,17,84
111,18,84
111,0,85
111,1,85
111,2,85
111,3,85
111,4,85
111,5,85
111,6,85
111,7,85
111,8,85
111,9,85
111,10,85
111,11,85
111,12,85
111,13,85
111,14,85
111,15,85
111,16,85
111,17,85
111,18,85
111,0,86
111,1,86
111,2,86
111,3,86
111,4,86
111,5,86
111,6,86
111,7,86
111,8,86
111,9,86
111,10,86
111,11,86
111,12,86
111,13,86
111,14,86
111,15,86
111,16,86
111,17,86
111,18,86
111,0,87
111,1,87
111,2,87
111,3,87
111,4,87
111,5,87
111,6,87
111,7,87
111,8,87
111,9,87
111,10,87
111,11,87
111,12,87
111,13,87
111,14,87
111,15,87
111,16,87
111,17,87
111,18,87
111,0,88
111,1,88
111,2,88
111,3,88
111,4,88
111,5,88
111,6,88
111,7,88
111,8,88
111,9,88
111,10,88
111,11,88
111,12,88
111,13,88
111,14,88
111,15,88
111,16,88
111,17,88
111,18,88
111,0,89
111,1,89
111,2,89
111,3,89
111,4,89
111,5,89
111,6,89
111,7,89
111,8,89
111,9,89
111,10,89
111,11,89
111,12,89
111,13,89
111,14,89
111,15,89
111,16,89
111,17,89
111,18,89
111,0,90
111,1,90
111,2,90
111,3,90
111,4,90
111,5,90
111,6,90
111,7,90
111,8,90
111,9,90
111,10,90
111,11,90
111,12,90
111,13,90
111,14,90
111,15,90
111,16,90
111,17,90
111,18,90
111,0,91
111,1,91
111,2,91
111,3,91
111,4,91
111,5,91
111,6,91
111,7,91
111,8,91
111,9,91
111,10,91
111,11,91
111,12,91
111,13,91
111,14,91
111,15,91
111,16,91
111,17,91
111,18,91
111,0,92
111,1,92
111,2,92
111,3,92
111,4,92
111,5,92
111,6,92
111,7,92
111,8,92
111,9,92
111,10,92
111,11,92
111,12,92
111,13,92
111,14,92
111,15,92
111,16,92
111,17,92
111,18,92
111,0,93
111,1,93
111,2,93
111,3,93
111,4,93
111,5,93
111,6,93
111,7,93
111,8,93
111,9,93
111,10,93
111,11,93
111,12,93
111,13,93
111,14,93
111,15,93
111,16,93
111,17,93
111,18,93
111,0,94
111,1,94
111,2,94
111,3,94
111,4,94
111,5,94
111,6,94
111,7,94
111,8,94
111,9,94
111,10,94
111,11,94
111,12,94
111,13,94
111,14,94
111,15,94
111,16,94
111,17,94
111,18,94
111,0,95
111,1,95
111,2,95
111,3,95
111,4,95
111,5,95
111,6,95
111,7,95
111,8,95
111,9,95
111,10,95
111,11,95
111,12,95
111,13,95
111,14,95
111,15,95
111,16,95
111,17,95
111,18,95
111,0,96
111,1,96
111,2,96
111,3,96
111,4,96
111,5,96
111,6,96
111,7,96
111,8,96
111,9,96
111,10,96
111,11,96
111,12,96
111,13,96
111,14,96
111,15,96
111,16,96
111,17,96
111,18,96
111,0,97
111,1,97
111,2,97
111,3,97
111,4,97
111,5,97
111,6,97
111,7,97
111,8,97
111,9,97
111,10,97
111,11,97
111,12,97
111,13,97
111,14,97
111,15,97
111,16,97
111,17,97
111,18,97
111,0,98
111,1,98
111,2,98
111,3,98
111,4,98
111,5,98
111,6,98
111,7,98
111,8,98
111,9,98
111,10,98
111,11,98
111,12,98
111,13,98
111,14,98
111,15,98
111,16,98
111,17,98
111,18,98
111,0,99
111,1,99
111,2,99
111,3,99
111,4,99
111,5,99
111,6,99
111,7,99
111,8,99
111,9,99
111,10,99
111,11,99
111,12,99
111,13,99
111,14,99
111,15,99
111,16,99
111,17,99
111,18,99
111,0,100
111,1,100
111,2,100
111,3,100
111,4,100
111,5,100
111,6,100
111,7,100
111,8,100
111,9,100
111,10,100
111,11,100
111,12,100
111,13,100
111,14,100
111,15,100
111,16,100
111,17,100
111,18,100
112,0,75
112,1,75
112,2,75
112,3,75
112,4,75
112,5,75
112,6,75
112,7,75
112,8,75
112,9,75
112,10,75
112,11,75
112,12,75
112,13,75
112,14,75
112,15,75
112,16,75
112,17,75
112,18,75
112,19,75
112,20,75
112,21,75
112,22,75
112,23,75
112,24,75
112,0,76
112,1,76
112,2,76
112,3,76
112,4,76
112,5,76
112,6,76
112,7,76
112,8,76
112,9,76
112,10,76
112,11,76
112,12,76
112,13,76
112,14,76
112,15,76
112,16,76
112,17,76
112,18,76
112,19,76
112,20,76
112,21,76
112,22,76
112,23,76
112,0,77
112,1,77
112,2,77
112,3,77
112,4,77
112,5,77
112,6,77
112,7,77
112,8,77
112,9,77
112,10,77
112,11,77
112,12,77
112,13,77
112,14,77
112,15,77
112,16,77
112,17,77
112,18,77
112,19,77
112,20,77
112,21,77
112,22,77
112,0,78
112,1,78
112,2,78
112,3,78
112,4,78
112,5,78
112,6,78
112,7,78
112,8,78
112,9,78
112,10,78
112,11,78
112,12,78
112,13,78
112,14,78
112,15,78
112,16,78
112,17,78
112,18,78
112,19,78
112,20,78
112,21,78
112,0,79
112,1,79
112,2,79
112,3,79
112,4,79
112,5,79
112,6,79
112,7,79
112,8,79
112,9,79
112,10,79
112,11,79
112,12,79
112,13,79
112,14,79
112,15,79
112,16,79
112,17,79
112,18,79
112,19,79
112,20,79
112,0,80
112,1,80
112,2,80
112,3,80
112,4,80
112,5,80
112,6,80
112,7,80
112,8,80
112,9,80
112,10,80
112,11,80
112,12,80
112,13,80
112,14,80
112,15,80
112,16,80
112,17,80
112,18,80
112,19,80
112,0,81
112,1,81
112,2,81
112,3,81
112,4,81
112,5,81
112,6,81
112,7,81
112,8,81
112,9,81
112,10,81
112,11,81
112,12,81
112,13,81
112,14,81
112,15,81
112,16,81
112,17,81
112,18,81
113,0,68
113,1,68
113,2,68
113,3,68
113,4,68
113,5,68
113,6,68
113,7,68
113,8,68
113,9,68
113,10,68
113,11,68
113,12,68
113,13,68
113,14,68
113,15,68
113,16,68
113,17,68
113,18,68
113,19,68
113,20,68
113,21,68
113,22,68
113,23,68
113,24,68
113,25,68
113,0,69
113,1,69
113,2,69
113,3,69
113,4,69
113,5,69
113,6,69
113,7,69
113,8,69
113,9,69
113,10,69
113,11,69
113,12,69
113,13,69
113,14,69
113,15,69
113,16,69
113,17,69
113,18,69
113,19,69
113,20,69
113,21,69
113,22,69
113,23,69
113,24,69
113,25,69
113,0,70
113,1,70
113,2,70
113,3,70
113,4,70
113,5,70
113,6,70
113,7,70
113,8,70
113,9,70
113,10,70
113,11,70
113,12,70
113,13,70
113,14,70
113,15,70
113,16,70
113,17,70
113,18,70
113,19,70
113,20,70
113,21,70
113,22,70
113,23,70
113,24,70
113,25,70
113,26,70
113,0,71
113,1,71
113,2,71
113,3,71
113,4,71
113,5,71
113,6,71
113,7,71
113,8,71
113,9,71
113,10,71
113,11,71
113,12,71
113,13,71
113,14,71
113,15,71
113,16,71
113,17,71
113,18,71
113,19,71
113,20,71
113,21,71
113,22,71
113,23,71
113,24,71
113,25,71
113,26,71
113,0,72
113,1,72
113,2,72
113,3,72
113,4,72
113,5,72
113,6,72
113,7,72
113,8,72
113,9,72
113,10,72
113,11,72
113,12,72
113,13,72
113,14,72
113,15,72
113,16,72
113,17,72
113,18,72
113,19,72
113,20,72
113,21,72
113,22,72
113,23,72
113,24,72
113,25,72
113,26,72
113,0,73
113,1,73
113,2,73
113,3,73
113,4,73
113,5,73
113,6,73
113,7,73
113,8,73
113,9,73
113,10,73
113,11,73
113,12,73
113,13,73
113,14,73
113,15,73
113,16,73
113,17,73
113,18,73
113,19,73
113,20,73
113,21,73
113,22,73
113,23,73
113,24,73
113,25,73
113,26,73
113,0,74
113,1,74
113,2,74
113,3,74
113,4,74
113,5,74
113,6,74
113,7,74
113,8,74
113,9,74
113,10,74
113,11,74
113,12,74
113,13,74
113,14,74
113,15,74
113,16,74
113,17,74
113,18,74
113,19,74
113,20,74
113,21,74
113,22,74
113,23,74
113,24,74
113,25,74
114,0,61
114,1,61
114,2,61
114,3,61
114,4,61
114,5,61
114,6,61
114,7,61
114,8,61
114,9,61
114,10,61
114,11,61
114,12,61
114,13,61
114,14,61
114,15,61
114,16,61
114,17,61
114,18,61
114,19,61
114,20,61
114,21,61
114,22,61
114,23,61
114,24,61
114,25,61
114,0,62
114,1,62
114,2,62
114,3,62
114,4,62
114,5,62
114,6,62
114,7,62
114,8,62
114,9,62
114,10,62
114,11,62
114,12,62
114,13,62
114,14,62
114,15,62
114,16,62
114,17,62
114,18,62
114,19,62
114,20,62
114,21,62
114,22,62
114,23,62
114,24,62
114,25,62
114,0,63
114,1,63
114,2,63
114,3,63
114,4,63
114,5,63
114,6,63
114,7,63
114,8,63
114,9,63
114,10,63
114,11,63
114,12,63
114,13,63
114,14,63
114,15,63
114,16,63
114,17,63
114,18,63
114,19,63
114,20,63
114,21,63
114,22,63
114,23,63
114,24,63
114,25,63
114,0,64
114,1,64
114,2,64
114,3,64
114,4,64
114,5,64
114,6,64
114,7,64
114,8,64
114,9,64
114,10,64
114,11,64
114,12,64
114,13,64
114,14,64
114,15,64
114,16,64
114,17,64
114,18,64
114,19,64
114,20,64
114,21,64
114,22,64
114,23,64
114,24,64
114,25,64
114,0,65
114,1,65
114,2,65
114,3,65
114,4,65
114,5,65
114,6,65
114,7,65
114,8,65
114,9,65
114,10,65
114,11,65
114,12,65
114,13,65
114,14,65
114,15,65
114,16,65
114,17,65
114,18,65
114,19,65
114,20,65
114,21,65
114,22,65
114,23,65
114,24,65
114,25,65
114,0,66
114,1,66
114,2,66
114,3,66
114,4,66
114,5,66
114,6,66
114,7,66
114,8,66
114,9,66
114,10,66
114,11,66
114,12,66
114,13,66
114,14,66
114,15,66
114,16,66
114,17,66
114,18,66
114,19,66
114,20,66
114,21,66
114,22,66
114,23,66
114,24,66
114,25,66
114,0,67
114,1,67
114,2,67
114,3,67
114,4,67
114,5,67
114,6,67
114,7,67
114,8,67
114,9,67
114,10,67
114,11,67
114,12,67
114,13,67
114,14,67
114,15,67
114,16,67
114,17,67
114,18,67
114,19,67
114,20,67
114,21,67
114,22,67
114,23,67
114,24,67
114,25,67
115,0,54
115,1,54
115,2,54
115,3,54
115,4,54
115,5,54
115,6,54
115,7,54
115,8,54
115,9,54
115,10,54
115,11,54
115,12,54
115,13,54
115,14,54
115,15,54
115,16,54
115,17,54
115,18,54
115,19,54
115,20,54
115,21,54
115,22,54
115,23,54
115,24,54
115,25,54
115,0,55
115,1,55
115,2,55
115,3,55
115,4,55
115,5,55
115,6,55
115,7,55
115,8,55
115,9,55
115,10,55
115,11,55
115,12,55
115,13,55
115,14,55
115,15,55
115,16,55
115,17,55
115,18,55
115,19,55
115,20,55
115,21,55
115,22,55
115,23,55
115,24,55
115,25,55
115,0,56
115,1,56
115,2,56
115,3,56
115,4,56
115,5,56
115,6,56
115,7,56
115,8,56
115,9,56
115,10,56
115,11,56
115,12,56
115,13,56
115,14,56
115,15,56
115,16,56
115,17,56
115,18,56
115,19,56
115,20,56
115,21,56
115,22,56
115,23,56
115,24,56
115,25,56
115,0,57
115,1,57
115,2,57
115,3,57
115,4,57
115,5,57
115,6,57
115,7,57
115,8,57
115,9,57
115,10,57
115,11,57
115,12,57
115,13,57
115,14,57
115,15,57
115,16,57
115,17,57
115,18,57
115,19,57
115,20,57
115,21,57
115,22,57
115,23,57
115,24,57
115,25,57
115,0,58
115,1,58
115,2,58
115,3,58
115,4,58
115,5,58
115,6,58
115,7,58
115,8,58
115,9,58
115,10,58
115,11,58
115,12,58
115,13,58
115,14,58
115,15,58
115,16,58
115,17,58
115,18,58
115,19,58
115,20,58
115,21,58
115,22,58
115,23,58
115,24,58
115,25,58
115,0,59
115,1,59
115,2,59
115,3,59
115,4,59
115,5,59
115,6,59
115,7,59
115,8,59
115,9,59
115,10,59
115,11,59
115,12,59
115,13,59
115,14,59
115,15,59
115,16,59
115,17,59
115,18,59
115,19,59
115,20,59
115,21,59
115,22,59
115,23,59
115,24,59
115,25,59
115,0,60
115,1,60
115,2,60
115,3,60
115,4,60
115,5,60
115,6,60
115,7,60
115,8,60
115,9,60
115,10,60
115,11,60
115,12,60
115,13,60
115,14,60
115,15,60
115,16,60
115,17,60
115,18,60
115,19,60
115,20,60
115,21,60
115,22,60
115,23,60
115,24,60
115,25,60
116,0,47
116,1,47
116,2,47
116,3,47
116,4,47
116,5,47
116,6,47
116,7,47
116,8,47
116,9,47
116,10,47
116,11,47
116,12,47
116,13,47
116,14,47
116,15,47
116,16,47
116,17,47
116,18,47
116,19,47
116,20,47
116,21,47
116,22,47
116,23,47
116,24,47
116,25,47
116,0,48
116,1,48
116,2,48
116,3,48
116,4,48
116,5,48
116,6,48
116,7,48
116,8,48
116,9,48
116,10,48
116,11,48
116,12,48
116,13,48
116,14,48
116,15,48
116,16,48
116,17,48
116,18,48
116,19,48
116,20,48
116,21,48
116,22,48
116,23,48
116,24,48
116,25,48
116,0,49
116,1,49
116,2,49
116,3,49
116,4,49
116,5,49
116,6,49
116,7,49
116,8,49
116,9,49
116,10,49
116,11,49
116,12,49
116,13,49
116,14,49
116,15,49
116,16,49
116,17,49
116,18,49
116,19,49
116,20,49
116,21,49
116,22,49
116,23,49
116,24,49
116,25,49
116,0,50
116,1,50
116,2,50
116,3,50
116,4,50
116,5,50
116,6,50
116,7,50
116,8,50
116,9,50
116,10,50
116,11,50
116,12,50
116,13,50
116,14,50
116,15,50
116,16,50
116,17,50
116,18,50
116,19,50
116,20,50
116,21,50
116,22,50
116,23,50
116,24,50
116,25,50
116,0,51
116,1,51
116,2,51
116,3,51
116,4,51
116,5,51
116,6,51
116,7,51
116,8,51
116,9,51
116,10,51
116,11,51
116,12,51
116,13,51
116,14,51
116,15,51
116,16,51
116,17,51
116,18,51
116,19,51
116,20,51
116,21,51
116,22,51
116,23,51
116,24,51
116,25,51
116,0,52
116,1,52
116,2,52
116,3,52
116,4,52
116,5,52
116,6,52
116,7,52
116,8,52
116,9,52
116,10,52
116,11,52
116,12,52
116,13,52
116,14,52
116,15,52
116,16,52
116,17,52
116,18,52
116,19,52
116,20,52
116,21,52
116,22,52
116,23,52
116,24,52
116,25,52
116,0,53
116,1,53
116,2,53
116,3,53
116,4,53
116,5,53
116,6,53
116,7,53
116,8,53
116,9,53
116,10,53
116,11,53
116,12,53
116,13,53
116,14,53
116,15,53
116,16,53
116,17,53
116,18,53
116,19,53
116,20,53
116,21,53
116,22,53
116,23,53
116,24,53
116,25,53
117,0,40
117,1,40
117,2,40
117,3,40
117,4,40
117,5,40
117,6,40
117,7,40
117,8,40
117,9,40
117,10,40
117,11,40
117,12,40
117,13,40
117,14,40
117,15,40
117,16,40
117,17,40
117,18,40
117,19,40
117,20,40
117,21,40
117,22,40
117,23,40
117,24,40
117,25,40
117,0,41
117,1,41
117,2,41
117,3,41
117,4,41
117,5,41
117,6,41
117,7,41
117,8,41
117,9,41
117,10,41
117,11,41
117,12,41
117,13,41
117,14,41
117,15,41
117,16,41
117,17,41
117,18,41
117,19,41
117,20,41
117,21,41
117,22,41
117,23,41
117,24,41
117,25,41
117,0,42
117,1,42
117,2,42
117,3,42
117,4,42
117,5,42
117,6,42
117,7,42
117,8,42
117,9,42
117,10,42
117,11,42
117,12,42
117,13,42
117,14,42
117,15,42
117,16,42
117,17,42
117,18,42
117,19,42
117,20,42
117,21,42
117,22,42
117,23,42
117,24,42
117,25,42
117,0,43
117,1,43
117,2,43
117,3,43
117,4,43
117,5,43
117,6,43
117,7,43
117,8,43
117,9,43
117,10,43
117,11,43
117,12,43
117,13,43
117,14,43
117,15,43
117,16,43
117,17,43
117,18,43
117,19,43
117,20,43
117,21,43
117,22,43
117,23,43
117,24,43
117,25,43
117,0,44
117,1,44
117,2,44
117,3,44
117,4,44
117,5,44
117,6,44
117,7,44
117,8,44
117,9,44
117,10,44
117,11,44
117,12,44
117,13,44
117,14,44
117,15,44
117,16,44
117,17,44
117,18,44
117,19,44
117,20,44
117,21,44
117,22,44
117,23,44
117,24,44
117,25,44
117,0,45
117,1,45
117,2,45
117,3,45
117,4,45
117,5,45
117,6,45
117,7,45
117,8,45
117,9,45
117,10,45
117,11,45
117,12,45
117,13,45
117,14,45
117,15,45
117,16,45
117,17,45
117,18,45
117,19,45
117,20,45
117,21,45
117,22,45
117,23,45
117,24,45
117,25,45
117,0,46
117,1,46
117,2,46
117,3,46
117,4,46
117,5,46
117,6,46
117,7,46
117,8,46
117,9,46
117,10,46
117,11,46
117,12,46
117,13,46
117,14,46
117,15,46
117,16,46
117,17,46
117,18,46
117,19,46
117,20,46
117,21,46
117,22,46
117,23,46
117,24,46
117,25,46
118,0,33
118,1,33
118,2,33
118,3,33
118,4,33
118,5,33
118,6,33
118,7,33
118,8,33
118,9,33
118,10,33
118,11,33
118,12,33
118,13,33
118,14,33
118,15,33
118,16,33
118,17,33
118,18,33
118,19,33
118,20,33
118,21,33
118,22,33
118,23,33
118,24,33
118,25,33
118,0,34
118,1,34
118,2,34
118,3,34
118,4,34
118,5,34
118,6,34
118,7,34
118,8,34
118,9,34
118,10,34
118,11,34
118,12,34
118,13,34
118,14,34
118,15,34
118,16,34
118,17,34
118,18,34
118,19,34
118,20,34
118,21,34
118,22,34
118,23,34
118,24,34
118,25,34
118,0,35
118,1,35
118,2,35
118,3,35
118,4,35
118,5,35
118,6,35
118,7,35
118,8,35
118,9,35
118,10,35
118,11,35
118,12,35
118,13,35
118,14,35
118,15,35
118,16,35
118,17,35
118,18,35
118,19,35
118,20,35
118,21,35
118,22,35
118,23,35
118,24,35
118,25,35
118,0,36
118,1,36
118,2,36
118,3,36
118,4,36
118,5,36
118,6,36
118,7,36
118,8,36
118,9,36
118,10,36
118,11,36
118,12,36
118,13,36
118,14,36
118,15,36
118,16,36
118,17,36
118,18,36
118,19,36
118,20,36
118,21,36
118,22,36
118,23,36
118,24,36
118,25,36
118,0,37
118,1,37
118,2,37
118,3,37
118,4,37
118,5,37
118,6,37
118,7,37
118,8,37
118,9,37
118,10,37
118,11,37
118,12,37
118,13,37
118,14,37
118,15,37
118,16,37
118,17,37
118,18,37
118,19,37
118,20,37
118,21,37
118,22,37
118,23,37
118,24,37
118,25,37
118,0,38
118,1,38
118,2,38
118,3,38
118,4,38
118,5,38
118,6,38
118,7,38
118,8,38
118,9,38
118,10,38
118,11,38
118,12,38
118,13,38
118,14,38
118,15,38
118,16,38
118,17,38
118,18,38
118,19,38
118,20,38
118,21,38
118,22,38
118,23,38
118,24,38
118,25,38
118,0,39
118,1,39
118,2,39
118,3,39
118,4,39
118,5,39
118,6,39
118,7,39
118,8,39
118,9,39
118,10,39
118,11,39
118,12,39
118,13,39
118,14,39
118,15,39
118,16,39
118,17,39
118,18,39
118,19,39
118,20,39
118,21,39
118,22,39
118,23,39
118,24,39
118,25,39
119,0,26
119,1,26
119,2,26
119,3,26
119,4,26
119,5,26
119,6,26
119,7,26
119,8,26
119,9,26
119,10,26
119,11,26
119,12,26
119,13,26
119,14,26
119,15,26
119,16,26
119,17,26
119,18,26
119,19,26
119,20,26
119,21,26
119,22,26
119,23,26
119,24,26
119,25,26
119,0,27
119,1,27
119,2,27
119,3,27
119,4,27
119,5,27
119,6,27
119,7,27
119,8,27
119,9,27
119,10,27
119,11,27
119,12,27
119,13,27
119,14,27
119,15,27
119,16,27
119,17,27
119,18,27
119,19,27
119,20,27
119,21,27
119,22,27
119,23,27
119,24,27
119,25,27
119,26,27
119,0,28
119,1,28
119,2,28
119,3,28
119,4,28
119,5,28
119,6,28
119,7,28
119,8,28
119,9,28
119,10,28
119,11,28
119,12,28
119,13,28
119,14,28
119,15,28
119,16,28
119,17,28
119,18,28
119,19,28
119,20,28
119,21,28
119,22,28
119,23,28
119,24,28
119,25,28
119,26,28
119,0,29
119,1,29
119,2,29
119,3,29
119,4,29
119,5,29
119,6,29
119,7,29
119,8,29
119,9,29
119,10,29
119,11,29
119,12,29
119,13,29
119,14,29
119,15,29
119,16,29
119,17,29
119,18,29
119,19,29
119,20,29
119,21,29
119,22,29
119,23,29
119,24,29
119,25,29
119,26,29
119,0,30
119,1,30
119,2,30
119,3,30
119,4,30
119,5,30
119,6,30
119,7,30
119,8,30
119,9,30
119,10,30
119,11,30
119,12,30
119,13,30
119,14,30
119,15,30
119,16,30
119,17,30
119,18,30
119,19,30
119,20,30
119,21,30
119,22,30
119,23,30
119,24,30
119,25,30
119,26,30
119,0,31
119,1,31
119,2,31
119,3,31
119,4,31
119,5,31
119,6,31
119,7,31
119,8,31
119,9,31
119,10,31
119,11,31
119,12,31
119,13,31
119,14,31
119,15,31
119,16,31
119,17,31
119,18,31
119,19,31
119,20,31
119,21,31
119,22,31
119,23,31
119,24,31
119,25,31
119,0,32
119,1,32
119,2,32
119,3,32
119,4,32
119,5,32
119,6,32
119,7,32
119,8,32
119,9,32
119,10,32
119,11,32
119,12,32
119,13,32
119,14,32
119,15,32
119,16,32
119,17,32
119,18,32
119,19,32
119,20,32
119,21,32
119,22,32
119,23,32
119,24,32
119,25,32
120,0,19
120,1,19
120,2,19
120,3,19
120,4,19
120,5,19
120,6,19
120,7,19
120,8,19
120,9,19
120,10,19
120,11,19
120,12,19
120,13,19
120,14,19
120,15,19
120,16,19
120,17,19
120,18,19
120,0,20
120,1,20
120,2,20
120,3,20
120,4,20
120,5,20
120,6,20
120,7,20
120,8,20
120,9,20
120,10,20
120,11,20
120,12,20
120,13,20
120,14,20
120,15,20
120,16,20
120,17,20
120,18,20
120,19,20
120,0,21
120,1,21
120,2,21
120,3,21
120,4,21
120,5,21
120,6,21
120,7,21
120,8,21
120,9,21
120,10,21
120,11,21
120,12,21
120,13,21
120,14,21
120,15,21
120,16,21
120,17,21
120,18,21
120,19,21
120,20,21
120,0,22
120,1,22
120,2,22
120,3,22
120,4,22
120,5,22
120,6,22
120,7,22
120,8,22
120,9,22
120,10,22
120,11,22
120,12,22
120,13,22
120,14,22
120,15,22
120,16,22
120,17,22
120,18,22
120,19,22
120,20,22
120,21,22
120,0,23
120,1,23
120,2,23
120,3,23
120,4,23
120,5,23
120,6,23
120,7,23
120,8,23
120,9,23
120,10,23
120,11,23
120,12,23
120,13,23
120,14,23
120,15,23
120,16,23
120,17,23
120,18,23
120,19,23
120,20,23
120,21,23
120,22,23
120,0,24
120,1,24
120,2,24
120,3,24
120,4,24
120,5,24
120,6,24
120,7,24
120,8,24
120,9,24
120,10,24
120,11,24
120,12,24
120,13,24
120,14,24
120,15,24
120,16,24
120,17,24
120,18,24
120,19,24
120,20,24
120,21,24
120,22,24
120,23,24
120,0,25
120,1,25
120,2,25
120,3,25
120,4,25
120,5,25
120,6,25
120,7,25
120,8,25
120,9,25
120,10,25
120,11,25
120,12,25
120,13,25
120,14,25
120,15,25
120,16,25
120,17,25
120,18,25
120,19,25
120,20,25
120,21,25
120,22,25
120,23,25
120,24,25
