1,28,27
1,28,28
1,29,28
1,28,29
1,29,29
2,30,28
2,31,28
2,30,29
2,31,29
3,32,28
3,33,28
3,32,29
4,31,30
4,32,30
4,31,31
4,32,31
5,31,32
5,32,32
5,32,33
6,29,31
6,30,31
6,29,32
6,30,32
7,28,31
7,27,32
7,28,32
8,28,30
8,29,30
9,25,25
9,26,25
9,27,25
9,28,25
9,25,26
9,26,26
9,27,26
9,28,26
9,25,27
9,26,27
9,27,27
10,29,25
10,29,26
10,29,27
11,30,25
11,31,25
11,30,26
11,31,26
11,30,27
11,31,27
12,32,25
12,32,26
12,32,27
13,33,25
13,34,25
13,35,25
13,33,26
13,34,26
13,35,26
13,33,27
13,34,27
13,35,27
13,34,28
13,35,28
14,33,29
14,34,29
14,35,29
15,33,30
15,34,30
15,35,30
15,33,31
15,34,31
15,35,31
16,33,32
16,34,32
16,35,32
17,33,33
17,34,33
17,35,33
17,32,34
17,33,34
17,34,34
17,35,34
17,32,35
17,33,35
17,34,35
17,35,35
18,31,33
18,31,34
18,31,35
19,29,33
19,30,33
19,29,34
19,30,34
19,29,35
19,30,35
20,28,33
20,28,34
20,28,35
21,25,32
21,26,32
21,25,33
21,26,33
21,27,33
21,25,34
21,26,34
21,27,34
21,25,35
21,26,35
21,27,35
22,25,31
22,26,31
22,27,31
23,25,29
23,26,29
23,27,29
23,25,30
23,26,30
23,27,30
24,25,28
24,26,28
24,27,28
25,18,16
25,19,16
25,20,16
25,21,16
25,22,16
25,23,16
25,17,17
25,18,17
25,19,17
25,20,17
25,21,17
25,22,17
25,23,17
25,17,18
25,18,18
25,19,18
25,20,18
25,21,18
25,22,18
25,23,18
25,16,19
25,17,19
25,18,19
25,19,19
25,20,19
25,21,19
25,22,19
25,23,19
25,16,20
25,17,20
25,18,20
25,19,20
25,20,20
25,21,20
25,22,20
25,23,20
25,16,21
25,17,21
25,18,21
25,19,21
25,20,21
25,21,21
25,22,21
25,23,21
25,16,22
25,17,22
25,18,22
25,19,22
25,20,22
25,21,22
25,22,22
25,23,22
25,16,23
25,17,23
25,18,23
25,19,23
25,20,23
25,21,23
25,22,23
25,23,23
26,24,16
26,25,16
26,26,16
26,24,17
26,25,17
26,26,17
26,24,18
26,25,18
26,26,18
26,24,19
26,25,19
26,26,19
26,24,20
26,25,20
26,26,20
26,24,21
26,25,21
26,26,21
26,24,22
26,25,22
26,26,22
26,24,23
26,25,23
26,26,23
26,24,24
26,25,24
26,26,24
27,27,16
27,28,16
27,27,17
27,28,17
27,27,18
27,28,18
27,27,19
27,28,19
27,27,20
27,28,20
27,27,21
27,28,21
27,27,22
27,28,22
27,27,23
27,28,23
27,27,24
27,28,24
28,29,16
28,30,16
28,31,16
28,29,17
28,30,17
28,31,17
28,29,18
28,30,18
28,31,18
28,29,19
28,30,19
28,31,19
28,29,20
28,30,20
28,31,20
28,29,21
28,30,21
28,31,21
28,29,22
28,30,22
28,31,22
28,29,23
28,30,23
28,31,23
28,29,24
28,30,24
28,31,24
29,32,16
29,33,16
29,34,16
29,32,17
29,33,17
29,34,17
29,32,18
29,33,18
29,34,18
29,32,19
29,33,19
29,34,19
29,32,20
29,33,20
29,34,20
29,32,21
29,33,21
29,34,21
29,32,22
29,33,22
29,34,22
29,32,23
29,33,23
29,34,23
29,32,24
29,33,24
29,34,24
30,35,16
30,36,16
30,35,17
30,36,17
30,35,18
30,36,18
30,35,19
30,36,19
30,35,20
30,36,20
30,35,21
30,36,21
30,35,22
30,36,22
30,35,23
30,36,23
30,35,24
30,36,24
31,37,16
31,38,16
31,39,16
31,40,16
31,41,16
31,37,17
31,38,17
31,39,17
31,40,17
31,41,17
31,42,17
31,43,17
31,37,18
31,38,18
31,39,18
31,40,18
31,41,18
31,42,18
31,43,18
31,44,18
31,37,19
31,38,19
31,39,19
31,40,19
31,41,19
31,42,19
31,43,19
31,44,19
31,37,20
31,38,20
31,39,20
31,40,20
31,41,20
31,42,20
31,43,20
31,44,20
31,37,21
31,38,21
31,39,21
31,40,21
31,41,21
31,42,21
31,43,21
31,44,21
31,37,22
31,38,22
31,39,22
31,40,22
31,41,22
31,42,22
31,43,22
31,44,22
31,37,23
31,38,23
31,39,23
31,40,23
31,41,23
31,42,23
31,43,23
31,44,23
32,37,24
32,38,24
32,39,24
32,40,24
32,41,24
32,42,24
32,43,24
32,44,24
32,36,25
32,37,25
32,38,25
32,39,25
32,40,25
32,41,25
32,42,25
32,43,25
32,44,25
32,36,26
32,37,26
32,38,26
32,39,26
32,40,26
32,41,26
32,42,26
32,43,26
32,44,26
33,36,27
33,37,27
33,38,27
33,39,27
33,40,27
33,41,27
33,42,27
33,43,27
33,44,27
33,36,28
33,37,28
33,38,28
33,39,28
33,40,28
33,41,28
33,42,28
33,43,28
33,44,28
34,36,29
34,37,29
34,38,29
34,39,29
34,40,29
34,41,29
34,42,29
34,43,29
34,44,29
34,36,30
34,37,30
34,38,30
34,39,30
34,40,30
34,41,30
34,42,30
34,43,30
34,44,30
34,36,31
34,37,31
34,38,31
34,39,31
34,40,31
34,41,31
34,42,31
34,43,31
34,44,31
35,36,32
35,37,32
35,38,32
35,39,32
35,40,32
35,41,32
35,42,32
35,43,32
35,44,32
35,36,33
35,37,33
35,38,33
35,39,33
35,40,33
35,41,33
35,42,33
35,43,33
35,44,33
35,36,34
35,37,34
35,38,34
35,39,34
35,40,34
35,41,34
35,42,34
35,43,34
35,44,34
36,36,35
36,37,35
36,38,35
36,39,35
36,40,35
36,41,35
36,42,35
36,43,35
36,44,35
36,36,36
36,37,36
36,38,36
36,39,36
36,40,36
36,41,36
36,42,36
36,43,36
36,44,36
37,37,37
37,38,37
37,39,37
37,40,37
37,41,37
37,42,37
37,43,37
37,44,37
37,37,38
37,38,38
37,39,38
37,40,38
37,41,38
37,42,38
37,43,38
37,44,38
37,37,39
37,38,39
37,39,39
37,40,39
37,41,39
37,42,39
37,43,39
37,44,39
37,37,40
37,38,40
37,39,40
37,40,40
37,41,40
37,42,40
37,43,40
37,44,40
37,37,41
37,38,41
37,39,41
37,40,41
37,41,41
37,42,41
37,43,41
37,44,41
37,37,42
37,38,42
37,39,42
37,40,42
37,41,42
37,42,42
37,43,42
37,37,43
37,38,43
37,39,43
37,40,43
37,41,43
37,42,43
37,43,43
37,37,44
37,38,44
37,39,44
37,40,44
37,41,44
37,42,44
38,34,36
38,35,36
38,34,37
38,35,37
38,36,37
38,34,38
38,35,38
38,36,38
38,34,39
38,35,39
38,36,39
38,34,40
38,35,40
38,36,40
38,34,41
38,35,41
38,36,41
38,34,42
38,35,42
38,36,42
38,34,43
38,35,43
38,36,43
38,34,44
38,35,44
38,36,44
39,32,36
39,33,36
39,32,37
39,33,37
39,32,38
39,33,38
39,32,39
39,33,39
39,32,40
39,33,40
39,32,41
39,33,41
39,32,42
39,33,42
39,32,43
39,33,43
39,32,44
39,33,44
40,29,36
40,30,36
40,31,36
40,29,37
40,30,37
40,31,37
40,29,38
40,30,38
40,31,38
40,29,39
40,30,39
40,31,39
40,29,40
40,30,40
40,31,40
40,29,41
40,30,41
40,31,41
40,29,42
40,30,42
40,31,42
40,29,43
40,30,43
40,31,43
40,29,44
40,30,44
40,31,44
41,26,36
41,27,36
41,28,36
41,26,37
41,27,37
41,28,37
41,26,38
41,27,38
41,28,38
41,26,39
41,27,39
41,28,39
41,26,40
41,27,40
41,28,40
41,26,41
41,27,41
41,28,41
41,26,42
41,27,42
41,28,42
41,26,43
41,27,43
41,28,43
41,26,44
41,27,44
41,28,44
42,24,36
42,25,36
42,24,37
42,25,37
42,24,38
42,25,38
42,24,39
42,25,39
42,24,40
42,25,40
42,24,41
42,25,41
42,24,42
42,25,42
42,24,43
42,25,43
42,24,44
42,25,44
43,16,37
43,17,37
43,18,37
43,19,37
43,20,37
43,21,37
43,22,37
43,23,37
43,16,38
43,17,38
43,18,38
43,19,38
43,20,38
43,21,38
43,22,38
43,23,38
43,16,39
43,17,39
43,18,39
43,19,39
43,20,39
43,21,39
43,22,39
43,23,39
43,16,40
43,17,40
43,18,40
43,19,40
43,20,40
43,21,40
43,22,40
43,23,40
43,16,41
43,17,41
43,18,41
43,19,41
43,20,41
43,21,41
43,22,41
43,23,41
43,16,42
43,17,42
43,18,42
43,19,42
43,20,42
43,21,42
43,22,42
43,23,42
43,17,43
43,18,43
43,19,43
43,20,43
43,21,43
43,22,43
43,23,43
43,19,44
43,20,44
43,21,44
43,22,44
43,23,44
44,16,34
44,17,34
44,18,34
44,19,34
44,20,34
44,21,34
44,22,34
44,23,34
44,24,34
44,16,35
44,17,35
44,18,35
44,19,35
44,20,35
44,21,35
44,22,35
44,23,35
44,24,35
44,16,36
44,17,36
44,18,36
44,19,36
44,20,36
44,21,36
44,22,36
44,23,36
45,16,32
45,17,32
45,18,32
45,19,32
45,20,32
45,21,32
45,22,32
45,23,32
45,24,32
45,16,33
45,17,33
45,18,33
45,19,33
45,20,33
45,21,33
45,22,33
45,23,33
45,24,33
46,16,29
46,17,29
46,18,29
46,19,29
46,20,29
46,21,29
46,22,29
46,23,29
46,24,29
46,16,30
46,17,30
46,18,30
46,19,30
46,20,30
46,21,30
46,22,30
46,23,30
46,24,30
46,16,31
46,17,31
46,18,31
46,19,31
46,20,31
46,21,31
46,22,31
46,23,31
46,24,31
47,16,26
47,17,26
47,18,26
47,19,26
47,20,26
47,21,26
47,22,26
47,23,26
47,24,26
47,16,27
47,17,27
47,18,27
47,19,27
47,20,27
47,21,27
47,22,27
47,23,27
47,24,27
47,16,28
47,17,28
47,18,28
47,19,28
47,20,28
47,21,28
47,22,28
47,23,28
47,24,28
48,16,24
48,17,24
48,18,24
48,19,24
48,20,24
48,21,24
48,22,24
48,23,24
48,16,25
48,17,25
48,18,25
48,19,25
48,20,25
48,21,25
48,22,25
48,23,25
48,24,25
49,0,0
49,1,0
49,2,0
49,3,0
49,4,0
49,5,0
49,6,0
49,7,0
49,8,0
49,9,0
49,10,0
49,11,0
49,0,1
49,1,1
49,2,1
49,3,1
49,4,1
49,5,1
49,6,1
49,7,1
49,8,1
49,9,1
49,10,1
49,11,1
49,0,2
49,1,2
49,2,2
49,3,2
49,4,2
49,5,2
49,6,2
49,7,2
49,8,2
49,9,2
49,10,2
49,11,2
49,0,3
49,1,3
49,2,3
49,3,3
49,4,3
49,5,3
49,6,3
49,7,3
49,8,3
49,9,3
49,10,3
49,11,3
49,0,4
49,1,4
49,2,4
49,3,4
49,4,4
49,5,4
49,6,4
49,7,4
49,8,4
49,9,4
49,10,4
49,11,4
49,0,5
49,1,5
49,2,5
49,3,5
49,4,5
49,5,5
49,6,5
49,7,5
49,8,5
49,9,5
49,10,5
49,11,5
49,0,6
49,1,6
49,2,6
49,3,6
49,4,6
49,5,6
49,6,6
49,7,6
49,8,6
49,9,6
49,10,6
49,11,6
49,0,7
49,1,7
49,2,7
49,3,7
49,4,7
49,5,7
49,6,7
49,7,7
49,8,7
49,9,7
49,10,7
49,11,7
49,0,8
49,1,8
49,2,8
49,3,8
49,4,8
49,5,8
49,6,8
49,7,8
49,8,8
49,9,8
49,10,8
49,11,8
49,0,9
49,1,9
49,2,9
49,3,9
49,4,9
49,5,9
49,6,9
49,7,9
49,8,9
49,9,9
49,10,9
49,11,9
49,0,10
49,1,10
49,2,10
49,3,10
49,4,10
49,5,10
49,6,10
49,7,10
49,8,10
49,9,10
49,10,10
49,11,10
49,0,11
49,1,11
49,2,11
49,3,11
49,4,11
49,5,11
49,6,11
49,7,11
49,8,11
49,9,11
49,10,11
49,11,11
50,12,0
50,13,0
50,14,0
50,15,0
50,16,0
50,17,0
50,12,1
50,13,1
50,14,1
50,15,1
50,16,1
50,17,1
50,12,2
50,13,2
50,14,2
50,15,2
50,16,2
50,17,2
50,12,3
50,13,3
50,14,3
50,15,3
50,16,3
50,17,3
50,12,4
50,13,4
50,14,4
50,15,4
50,16,4
50,17,4
50,12,5
50,13,5
50,14,5
50,15,5
50,16,5
50,17,5
50,12,6
50,13,6
50,14,6
50,15,6
50,16,6
50,17,6
50,12,7
50,13,7
50,14,7
50,15,7
50,16,7
50,17,7
50,12,8
50,13,8
50,14,8
50,15,8
50,16,8
50,17,8
50,12,9
50,13,9
50,14,9
50,15,9
50,16,9
50,17,9
50,12,10
50,13,10
50,14,10
50,15,10
50,16,10
50,17,10
50,12,11
50,13,11
50,14,11
50,15,11
50,16,11
50,17,11
50,12,12
50,13,12
50,14,12
50,15,12
50,16,12
50,17,12
50,13,13
50,14,13
50,15,13
50,16,13
50,17,13
50,14,14
50,15,14
50,16,14
50,17,14
50,15,15
50,16,15
50,17,15
50,16,16
50,17,16
51,18,0
51,19,0
51,20,0
51,21,0
51,22,0
51,18,1
51,19,1
51,20,1
51,21,1
51,22,1
51,18,2
51,19,2
51,20,2
51,21,2
51,22,2
51,18,3
51,19,3
51,20,3
51,21,3
51,22,3
51,18,4
51,19,4
51,20,4
51,21,4
51,22,4
51,18,5
51,19,5
51,20,5
51,21,5
51,22,5
51,18,6
51,19,6
51,20,6
51,21,6
51,22,6
51,18,7
51,19,7
51,20,7
51,21,7
51,22,7
51,18,8
51,19,8
51,20,8
51,21,8
51,22,8
51,18,9
51,19,9
51,20,9
51,21,9
51,22,9
51,18,10
51,19,10
51,20,10
51,21,10
51,22,10
51,18,11
51,19,11
51,20,11
51,21,11
51,22,11
51,18,12
51,19,12
51,20,12
51,21,12
51,22,12
51,18,13
51,19,13
51,20,13
51,21,13
51,22,13
51,18,14
51,19,14
51,20,14
51,21,14
51,22,14
51,18,15
51,19,15
51,20,15
51,21,15
51,22,15
52,23,0
52,24,0
52,25,0
52,26,0
52,27,0
52,23,1
52,24,1
52,25,1
52,26,1
52,27,1
52,23,2
52,24,2
52,25,2
52,26,2
52,27,2
52,23,3
52,24,3
52,25,3
52,26,3
52,27,3
52,23,4
52,24,4
52,25,4
52,26,4
52,27,4
52,23,5
52,24,5
52,25,5
52,26,5
52,27,5
52,23,6
52,24,6
52,25,6
52,26,6
52,27,6
52,23,7
52,24,7
52,25,7
52,26,7
52,27,7
52,23,8
52,24,8
52,25,8
52,26,8
52,27,8
52,23,9
52,24,9
52,25,9
52,26,9
52,27,9
52,23,10
52,24,10
52,25,10
52,26,10
52,27,10
52,23,11
52,24,11
52,25,11
52,26,11
52,27,11
52,23,12
52,24,12
52,25,12
52,26,12
52,27,12
52,23,13
52,24,13
52,25,13
52,26,13
52,27,13
52,23,14
52,24,14
52,25,14
52,26,14
52,27,14
52,23,15
52,24,15
52,25,15
52,26,15
52,27,15
53,28,0
53,29,0
53,30,0
53,31,0
53,32,0
53,28,1
53,29,1
53,30,1
53,31,1
53,32,1
53,28,2
53,29,2
53,30,2
53,31,2
53,32,2
53,28,3
53,29,3
53,30,3
53,31,3
53,32,3
53,28,4
53,29,4
53,30,4
53,31,4
53,32,4
53,28,5
53,29,5
53,30,5
53,31,5
53,32,5
53,28,6
53,29,6
53,30,6
53,31,6
53,32,6
53,28,7
53,29,7
53,30,7
53,31,7
53,32,7
53,28,8
53,29,8
53,30,8
53,31,8
53,32,8
53,28,9
53,29,9
53,30,9
53,31,9
53,32,9
53,28,10
53,29,10
53,30,10
53,31,10
53,32,10
53,28,11
53,29,11
53,30,11
53,31,11
53,32,11
53,28,12
53,29,12
53,30,12
53,31,12
53,32,12
53,28,13
53,29,13
53,30,13
53,31,13
53,32,13
53,28,14
53,29,14
53,30,14
53,31,14
53,32,14
53,28,15
53,29,15
53,30,15
53,31,15
53,32,15
54,33,0
54,34,0
54,35,0
54,36,0
54,37,0
54,38,0
54,33,1
54,34,1
54,35,1
54,36,1
54,37,1
54,38,1
54,33,2
54,34,2
54,35,2
54,36,2
54,37,2
54,38,2
54,33,3
54,34,3
54,35,3
54,36,3
54,37,3
54,38,3
54,33,4
54,34,4
54,35,4
54,36,4
54,37,4
54,38,4
54,33,5
54,34,5
54,35,5
54,36,5
54,37,5
54,38,5
54,33,6
54,34,6
54,35,6
54,36,6
54,37,6
54,38,6
54,33,7
54,34,7
54,35,7
54,36,7
54,37,7
54,38,7
54,33,8
54,34,8
54,35,8
54,36,8
54,37,8
54,38,8
54,33,9
54,34,9
54,35,9
54,36,9
54,37,9
54,38,9
54,33,10
54,34,10
54,35,10
54,36,10
54,37,10
54,38,10
54,33,11
54,34,11
54,35,11
54,36,11
54,37,11
54,38,11
54,33,12
54,34,12
54,35,12
54,36,12
54,37,12
54,38,12
54,33,13
54,34,13
54,35,13
54,36,13
54,37,13
54,38,13
54,33,14
54,34,14
54,35,14
54,36,14
54,37,14
54,38,14
54,33,15
54,34,15
54,35,15
54,36,15
54,37,15
54,38,15
55,39,0
55,40,0
55,41,0
55,42,0
55,43,0
55,39,1
55,40,1
55,41,1
55,42,1
55,43,1
55,39,2
55,40,2
55,41,2
55,42,2
55,43,2
55,39,3
55,40,3
55,41,3
55,42,3
55,43,3
55,39,4
55,40,4
55,41,4
55,42,4
55,43,4
55,39,5
55,40,5
55,41,5
55,42,5
55,43,5
55,39,6
55,40,6
55,41,6
55,42,6
55,43,6
55,39,7
55,40,7
55,41,7
55,42,7
55,43,7
55,39,8
55,40,8
55,41,8
55,42,8
55,43,8
55,39,9
55,40,9
55,41,9
55,42,9
55,43,9
55,39,10
55,40,10
55,41,10
55,42,10
55,43,10
55,39,11
55,40,11
55,41,11
55,42,11
55,43,11
55,39,12
55,40,12
55,41,12
55,42,12
55,43,12
55,39,13
55,40,13
55,41,13
55,42,13
55,43,13
55,39,14
55,40,14
55,41,14
55,42,14
55,43,14
55,39,15
55,40,15
55,41,15
55,42,15
55,43,15
55,42,16
55,43,16
56,44,0
56,45,0
56,46,0
56,47,0
56,48,0
56,44,1
56,45,1
56,46,1
56,47,1
56,48,1
56,44,2
56,45,2
56,46,2
56,47,2
56,48,2
56,44,3
56,45,3
56,46,3
56,47,3
56,48,3
56,44,4
56,45,4
56,46,4
56,47,4
56,48,4
56,44,5
56,45,5
56,46,5
56,47,5
56,48,5
56,44,6
56,45,6
56,46,6
56,47,6
56,48,6
56,44,7
56,45,7
56,46,7
56,47,7
56,48,7
56,44,8
56,45,8
56,46,8
56,47,8
56,48,8
56,44,9
56,45,9
56,46,9
56,47,9
56,48,9
56,44,10
56,45,10
56,46,10
56,47,10
56,48,10
56,44,11
56,45,11
56,46,11
56,47,11
56,48,11
56,44,12
56,45,12
56,46,12
56,47,12
56,48,12
56,44,13
56,45,13
56,46,13
56,47,13
56,44,14
56,45,14
56,46,14
56,44,15
56,45,15
56,44,16
57,49,0
57,50,0
57,51,0
57,52,0
57,53,0
57,54,0
57,55,0
57,56,0
57,57,0
57,58,0
57,59,0
57,60,0
57,49,1
57,50,1
57,51,1
57,52,1
57,53,1
57,54,1
57,55,1
57,56,1
57,57,1
57,58,1
57,59,1
57,60,1
57,49,2
57,50,2
57,51,2
57,52,2
57,53,2
57,54,2
57,55,2
57,56,2
57,57,2
57,58,2
57,59,2
57,60,2
57,49,3
57,50,3
57,51,3
57,52,3
57,53,3
57,54,3
57,55,3
57,56,3
57,57,3
57,58,3
57,59,3
57,60,3
57,49,4
57,50,4
57,51,4
57,52,4
57,53,4
57,54,4
57,55,4
57,56,4
57,57,4
57,58,4
57,59,4
57,60,4
57,49,5
57,50,5
57,51,5
57,52,5
57,53,5
57,54,5
57,55,5
57,56,5
57,57,5
57,58,5
57,59,5
57,60,5
57,49,6
57,50,6
57,51,6
57,52,6
57,53,6
57,54,6
57,55,6
57,56,6
57,57,6
57,58,6
57,59,6
57,60,6
57,49,7
57,50,7
57,51,7
57,52,7
57,53,7
57,54,7
57,55,7
57,56,7
57,57,7
57,58,7
57,59,7
57,60,7
57,49,8
57,50,8
57,51,8
57,52,8
57,53,8
57,54,8
57,55,8
57,56,8
57,57,8
57,58,8
57,59,8
57,60,8
57,49,9
57,50,9
57,51,9
57,52,9
57,53,9
57,54,9
57,55,9
57,56,9
57,57,9
57,58,9
57,59,9
57,60,9
57,49,10
57,50,10
57,51,10
57,52,10
57,53,10
57,54,10
57,55,10
57,56,10
57,57,10
57,58,10
57,59,10
57,60,10
57,49,11
57,50,11
57,51,11
57,52,11
57,53,11
57,54,11
57,55,11
57,56,11
57,57,11
57,58,11
57,59,11
57,60,11
58,49,12
58,50,12
58,51,12
58,52,12
58,53,12
58,54,12
58,55,12
58,56,12
58,57,12
58,58,12
58,59,12
58,60,12
58,48,13
58,49,13
58,50,13
58,51,13
58,52,13
58,53,13
58,54,13
58,55,13
58,56,13
58,57,13
58,58,13
58,59,13
58,60,13
58,47,14
58,48,14
58,49,14
58,50,14
58,51,14
58,52,14
58,53,14
58,54,14
58,55,14
58,56,14
58,57,14
58,58,14
58,59,14
58,60,14
58,46,15
58,47,15
58,48,15
58,49,15
58,50,15
58,51,15
58,52,15
58,53,15
58,54,15
58,55,15
58,56,15
58,57,15
58,58,15
58,59,15
58,60,15
58,45,16
58,46,16
58,47,16
58,48,16
58,49,16
58,50,16
58,51,16
58,52,16
58,53,16
58,54,16
58,55,16
58,56,16
58,57,16
58,58,16
58,59,16
58,60,16
58,44,17
58,45,17
58,46,17
58,47,17
58,48,17
58,49,17
58,50,17
58,51,17
58,52,17
58,53,17
58,54,17
58,55,17
58,56,17
58,57,17
58,58,17
58,59,17
58,60,17
59,45,18
59,46,18
59,47,18
59,48,18
59,49,18
59,50,18
59,51,18
59,52,18
59,53,18
59,54,18
59,55,18
59,56,18
59,57,18
59,58,18
59,59,18
59,60,18
59,45,19
59,46,19
59,47,19
59,48,19
59,49,19
59,50,19
59,51,19
59,52,19
59,53,19
59,54,19
59,55,19
59,56,19
59,57,19
59,58,19
59,59,19
59,60,19
59,45,20
59,46,20
59,47,20
59,48,20
59,49,20
59,50,20
59,51,20
59,52,20
59,53,20
59,54,20
59,55,20
59,56,20
59,57,20
59,58,20
59,59,20
59,60,20
59,45,21
59,46,21
59,47,21
59,48,21
59,49,21
59,50,21
59,51,21
59,52,21
59,53,21
59,54,21
59,55,21
59,56,21
59,57,21
59,58,21
59,59,21
59,60,21
59,45,22
59,46,22
59,47,22
59,48,22
59,49,22
59,50,22
59,51,22
59,52,22
59,53,22
59,54,22
59,55,22
59,56,22
59,57,22
59,58,22
59,59,22
59,60,22
60,45,23
60,46,23
60,47,23
60,48,23
60,49,23
60,50,23
60,51,23
60,52,23
60,53,23
60,54,23
60,55,23
60,56,23
60,57,23
60,58,23
60,59,23
60,60,23
60,45,24
60,46,24
60,47,24
60,48,24
60,49,24
60,50,24
60,51,24
60,52,24
60,53,24
60,54,24
60,55,24
60,56,24
60,57,24
60,58,24
60,59,24
60,60,24
60,45,25
60,46,25
60,47,25
60,48,25
60,49,25
60,50,25
60,51,25
60,52,25
60,53,25
60,54,25
60,55,25
60,56,25
60,57,25
60,58,25
60,59,25
60,60,25
60,45,26
60,46,26
60,47,26
60,48,26
60,49,26
60,50,26
60,51,26
60,52,26
60,53,26
60,54,26
60,55,26
60,56,26
60,57,26
60,58,26
60,59,26
60,60,26
60,45,27
60,46,27
60,47,27
60,48,27
60,49,27
60,50,27
60,51,27
60,52,27
60,53,27
60,54,27
60,55,27
60,56,27
60,57,27
60,58,27
60,59,27
60,60,27
61,45,28
61,46,28
61,47,28
61,48,28
61,49,28
61,50,28
61,51,28
61,52,28
61,53,28
61,54,28
61,55,28
61,56,28
61,57,28
61,58,28
61,59,28
61,60,28
61,45,29
61,46,29
61,47,29
61,48,29
61,49,29
61,50,29
61,51,29
61,52,29
61,53,29
61,54,29
61,55,29
61,56,29
61,57,29
61,58,29
61,59,29
61,60,29
61,45,30
61,46,30
61,47,30
61,48,30
61,49,30
61,50,30
61,51,30
61,52,30
61,53,30
61,54,30
61,55,30
61,56,30
61,57,30
61,58,30
61,59,30
61,60,30
61,45,31
61,46,31
61,47,31
61,48,31
61,49,31
61,50,31
61,51,31
61,52,31
61,53,31
61,54,31
61,55,31
61,56,31
61,57,31
61,58,31
61,59,31
61,60,31
61,45,32
61,46,32
61,47,32
61,48,32
61,49,32
61,50,32
61,51,32
61,52,32
61,53,32
61,54,32
61,55,32
61,56,32
61,57,32
61,58,32
61,59,32
61,60,32
62,45,33
62,46,33
62,47,33
62,48,33
62,49,33
62,50,33
62,51,33
62,52,33
62,53,33
62,54,33
62,55,33
62,56,33
62,57,33
62,58,33
62,59,33
62,60,33
62,45,34
62,46,34
62,47,34
62,48,34
62,49,34
62,50,34
62,51,34
62,52,34
62,53,34
62,54,34
62,55,34
62,56,34
62,57,34
62,58,34
62,59,34
62,60,34
62,45,35
62,46,35
62,47,35
62,48,35
62,49,35
62,50,35
62,51,35
62,52,35
62,53,35
62,54,35
62,55,35
62,56,35
62,57,35
62,58,35
62,59,35
62,60,35
62,45,36
62,46,36
62,47,36
62,48,36
62,49,36
62,50,36
62,51,36
62,52,36
62,53,36
62,54,36
62,55,36
62,56,36
62,57,36
62,58,36
62,59,36
62,60,36
62,45,37
62,46,37
62,47,37
62,48,37
62,49,37
62,50,37
62,51,37
62,52,37
62,53,37
62,54,37
62,55,37
62,56,37
62,57,37
62,58,37
62,59,37
62,60,37
62,45,38
62,46,38
62,47,38
62,48,38
62,49,38
62,50,38
62,51,38
62,52,38
62,53,38
62,54,38
62,55,38
62,56,38
62,57,38
62,58,38
62,59,38
62,60,38
63,45,39
63,46,39
63,47,39
63,48,39
63,49,39
63,50,39
63,51,39
63,52,39
63,53,39
63,54,39
63,55,39
63,56,39
63,57,39
63,58,39
63,59,39
63,60,39
63,45,40
63,46,40
63,47,40
63,48,40
63,49,40
63,50,40
63,51,40
63,52,40
63,53,40
63,54,40
63,55,40
63,56,40
63,57,40
63,58,40
63,59,40
63,60,40
63,45,41
63,46,41
63,47,41
63,48,41
63,49,41
63,50,41
63,51,41
63,52,41
63,53,41
63,54,41
63,55,41
63,56,41
63,57,41
63,58,41
63,59,41
63,60,41
63,44,42
63,45,42
63,46,42
63,47,42
63,48,42
63,49,42
63,50,42
63,51,42
63,52,42
63,53,42
63,54,42
63,55,42
63,56,42
63,57,42
63,58,42
63,59,42
63,60,42
63,44,43
63,45,43
63,46,43
63,47,43
63,48,43
63,49,43
63,50,43
63,51,43
63,52,43
63,53,43
63,54,43
63,55,43
63,56,43
63,57,43
63,58,43
63,59,43
63,60,43
64,44,44
64,45,44
64,46,44
64,47,44
64,48,44
64,49,44
64,50,44
64,51,44
64,52,44
64,53,44
64,54,44
64,55,44
64,56,44
64,57,44
64,58,44
64,59,44
64,60,44
64,45,45
64,46,45
64,47,45
64,48,45
64,49,45
64,50,45
64,51,45
64,52,45
64,53,45
64,54,45
64,55,45
64,56,45
64,57,45
64,58,45
64,59,45
64,60,45
64,46,46
64,47,46
64,48,46
64,49,46
64,50,46
64,51,46
64,52,46
64,53,46
64,54,46
64,55,46
64,56,46
64,57,46
64,58,46
64,59,46
64,60,46
64,47,47
64,48,47
64,49,47
64,50,47
64,51,47
64,52,47
64,53,47
64,54,47
64,55,47
64,56,47
64,57,47
64,58,47
64,59,47
64,60,47
64,48,48
64,49,48
64,50,48
64,51,48
64,52,48
64,53,48
64,54,48
64,55,48
64,56,48
64,57,48
64,58,48
64,59,48
64,60,48
65,49,49
65,50,49
65,51,49
65,52,49
65,53,49
65,54,49
65,55,49
65,56,49
65,57,49
65,58,49
65,59,49
65,60,49
65,49,50
65,50,50
65,51,50
65,52,50
65,53,50
65,54,50
65,55,50
65,56,50
65,57,50
65,58,50
65,59,50
65,60,50
65,49,51
65,50,51
65,51,51
65,52,51
65,53,51
65,54,51
65,55,51
65,56,51
65,57,51
65,58,51
65,59,51
65,60,51
65,49,52
65,50,52
65,51,52
65,52,52
65,53,52
65,54,52
65,55,52
65,56,52
65,57,52
65,58,52
65,59,52
65,60,52
65,49,53
65,50,53
65,51,53
65,52,53
65,53,53
65,54,53
65,55,53
65,56,53
65,57,53
65,58,53
65,59,53
65,60,53
65,49,54
65,50,54
65,51,54
65,52,54
65,53,54
65,54,54
65,55,54
65,56,54
65,57,54
65,58,54
65,59,54
65,60,54
65,49,55
65,50,55
65,51,55
65,52,55
65,53,55
65,54,55
65,55,55
65,56,55
65,57,55
65,58,55
65,59,55
65,60,55
65,49,56
65,50,56
65,51,56
65,52,56
65,53,56
65,54,56
65,55,56
65,56,56
65,57,56
65,58,56
65,59,56
65,60,56
65,49,57
65,50,57
65,51,57
65,52,57
65,53,57
65,54,57
65,55,57
65,56,57
65,57,57
65,58,57
65,59,57
65,60,57
65,49,58
65,50,58
65,51,58
65,52,58
65,53,58
65,54,58
65,55,58
65,56,58
65,57,58
65,58,58
65,59,58
65,60,58
65,49,59
65,50,59
65,51,59
65,52,59
65,53,59
65,54,59
65,55,59
65,56,59
65,57,59
65,58,59
65,59,59
65,60,59
65,49,60
65,50,60
65,51,60
65,52,60
65,53,60
65,54,60
65,55,60
65,56,60
65,57,60
65,58,60
65,59,60
65,60,60
66,43,44
66,43,45
66,44,45
66,43,46
66,44,46
66,45,46
66,43,47
66,44,47
66,45,47
66,46,47
66,43,48
66,44,48
66,45,48
66,46,48
66,47,48
66,43,49
66,44,49
66,45,49
66,46,49
66,47,49
66,48,49
66,43,50
66,44,50
66,45,50
66,46,50
66,47,50
66,48,50
66,43,51
66,44,51
66,45,51
66,46,51
66,47,51
66,48,51
66,43,52
66,44,52
66,45,52
66,46,52
66,47,52
66,48,52
66,43,53
66,44,53
66,45,53
66,46,53
66,47,53
66,48,53
66,43,54
66,44,54
66,45,54
66,46,54
66,47,54
66,48,54
66,43,55
66,44,55
66,45,55
66,46,55
66,47,55
66,48,55
66,43,56
66,44,56
66,45,56
66,46,56
66,47,56
66,48,56
66,43,57
66,44,57
66,45,57
66,46,57
66,47,57
66,48,57
66,43,58
66,44,58
66,45,58
66,46,58
66,47,58
66,48,58
66,43,59
66,44,59
66,45,59
66,46,59
66,47,59
66,48,59
66,43,60
66,44,60
66,45,60
66,46,60
66,47,60
66,48,60
67,38,45
67,39,45
67,40,45
67,41,45
67,42,45
67,38,46
67,39,46
67,40,46
67,41,46
67,42,46
67,38,47
67,39,47
67,40,47
67,41,47
67,42,47
67,38,48
67,39,48
67,40,48
67,41,48
67,42,48
67,38,49
67,39,49
67,40,49
67,41,49
67,42,49
67,38,50
67,39,50
67,40,50
67,41,50
67,42,50
67,38,51
67,39,51
67,40,51
67,41,51
67,42,51
67,38,52
67,39,52
67,40,52
67,41,52
67,42,52
67,38,53
67,39,53
67,40,53
67,41,53
67,42,53
67,38,54
67,39,54
67,40,54
67,41,54
67,42,54
67,38,55
67,39,55
67,40,55
67,41,55
67,42,55
67,38,56
67,39,56
67,40,56
67,41,56
67,42,56
67,38,57
67,39,57
67,40,57
67,41,57
67,42,57
67,38,58
67,39,58
67,40,58
67,41,58
67,42,58
67,38,59
67,39,59
67,40,59
67,41,59
67,42,59
67,38,60
67,39,60
67,40,60
67,41,60
67,42,60
68,33,45
68,34,45
68,35,45
68,36,45
68,37,45
68,33,46
68,34,46
68,35,46
68,36,46
68,37,46
68,33,47
68,34,47
68,35,47
68,36,47
68,37,47
68,33,48
68,34,48
68,35,48
68,36,48
68,37,48
68,33,49
68,34,49
68,35,49
68,36,49
68,37,49
68,33,50
68,34,50
68,35,50
68,36,50
68,37,50
68,33,51
68,34,51
68,35,51
68,36,51
68,37,51
68,33,52
68,34,52
68,35,52
68,36,52
68,37,52
68,33,53
68,34,53
68,35,53
68,36,53
68,37,53
68,33,54
68,34,54
68,35,54
68,36,54
68,37,54
68,33,55
68,34,55
68,35,55
68,36,55
68,37,55
68,33,56
68,34,56
68,35,56
68,36,56
68,37,56
68,33,57
68,34,57
68,35,57
68,36,57
68,37,57
68,33,58
68,34,58
68,35,58
68,36,58
68,37,58
68,33,59
68,34,59
68,35,59
68,36,59
68,37,59
68,33,60
68,34,60
68,35,60
68,36,60
68,37,60
69,28,45
69,29,45
69,30,45
69,31,45
69,32,45
69,28,46
69,29,46
69,30,46
69,31,46
69,32,46
69,28,47
69,29,47
69,30,47
69,31,47
69,32,47
69,28,48
69,29,48
69,30,48
69,31,48
69,32,48
69,28,49
69,29,49
69,30,49
69,31,49
69,32,49
69,28,50
69,29,50
69,30,50
69,31,50
69,32,50
69,28,51
69,29,51
69,30,51
69,31,51
69,32,51
69,28,52
69,29,52
69,30,52
69,31,52
69,32,52
69,28,53
69,29,53
69,30,53
69,31,53
69,32,53
69,28,54
69,29,54
69,30,54
69,31,54
69,32,54
69,28,55
69,29,55
69,30,55
69,31,55
69,32,55
69,28,56
69,29,56
69,30,56
69,31,56
69,32,56
69,28,57
69,29,57
69,30,57
69,31,57
69,32,57
69,28,58
69,29,58
69,30,58
69,31,58
69,32,58
69,28,59
69,29,59
69,30,59
69,31,59
69,32,59
69,28,60
69,29,60
69,30,60
69,31,60
69,32,60
70,22,45
70,23,45
70,24,45
70,25,45
70,26,45
70,27,45
70,22,46
70,23,46
70,24,46
70,25,46
70,26,46
70,27,46
70,22,47
70,23,47
70,24,47
70,25,47
70,26,47
70,27,47
70,22,48
70,23,48
70,24,48
70,25,48
70,26,48
70,27,48
70,22,49
70,23,49
70,24,49
70,25,49
70,26,49
70,27,49
70,22,50
70,23,50
70,24,50
70,25,50
70,26,50
70,27,50
70,22,51
70,23,51
70,24,51
70,25,51
70,26,51
70,27,51
70,22,52
70,23,52
70,24,52
70,25,52
70,26,52
70,27,52
70,22,53
70,23,53
70,24,53
70,25,53
70,26,53
70,27,53
70,22,54
70,23,54
70,24,54
70,25,54
70,26,54
70,27,54
70,22,55
70,23,55
70,24,55
70,25,55
70,26,55
70,27,55
70,22,56
70,23,56
70,24,56
70,25,56
70,26,56
70,27,56
70,22,57
70,23,57
70,24,57
70,25,57
70,26,57
70,27,57
70,22,58
70,23,58
70,24,58
70,25,58
70,26,58
70,27,58
70,22,59
70,23,59
70,24,59
70,25,59
70,26,59
70,27,59
70,22,60
70,23,60
70,24,60
70,25,60
70,26,60
70,27,60
71,17,44
71,18,44
71,17,45
71,18,45
71,19,45
71,20,45
71,21,45
71,17,46
71,18,46
71,19,46
71,20,46
71,21,46
71,17,47
71,18,47
71,19,47
71,20,47
71,21,47
71,17,48
71,18,48
71,19,48
71,20,48
71,21,48
71,17,49
71,18,49
71,19,49
71,20,49
71,21,49
71,17,50
71,18,50
71,19,50
71,20,50
71,21,50
71,17,51
71,18,51
71,19,51
71,20,51
71,21,51
71,17,52
71,18,52
71,19,52
71,20,52
71,21,52
71,17,53
71,18,53
71,19,53
71,20,53
71,21,53
71,17,54
71,18,54
71,19,54
71,20,54
71,21,54
71,17,55
71,18,55
71,19,55
71,20,55
71,21,55
71,17,56
71,18,56
71,19,56
71,20,56
71,21,56
71,17,57
71,18,57
71,19,57
71,20,57
71,21,57
71,17,58
71,18,58
71,19,58
71,20,58
71,21,58
71,17,59
71,18,59
71,19,59
71,20,59
71,21,59
71,17,60
71,18,60
71,19,60
71,20,60
71,21,60
72,16,44
72,15,45
72,16,45
72,14,46
72,15,46
72,16,46
72,13,47
72,14,47
72,15,47
72,16,47
72,12,48
72,13,48
72,14,48
72,15,48
72,16,48
72,12,49
72,13,49
72,14,49
72,15,49
72,16,49
72,12,50
72,13,50
72,14,50
72,15,50
72,16,50
72,12,51
72,13,51
72,14,51
72,15,51
72,16,51
72,12,52
72,13,52
72,14,52
72,15,52
72,16,52
72,12,53
72,13,53
72,14,53
72,15,53
72,16,53
72,12,54
72,13,54
72,14,54
72,15,54
72,16,54
72,12,55
72,13,55
72,14,55
72,15,55
72,16,55
72,12,56
72,13,56
72,14,56
72,15,56
72,16,56
72,12,57
72,13,57
72,14,57
72,15,57
72,16,57
72,12,58
72,13,58
72,14,58
72,15,58
72,16,58
72,12,59
72,13,59
72,14,59
72,15,59
72,16,59
72,12,60
72,13,60
72,14,60
72,15,60
72,16,60
73,0,49
73,1,49
73,2,49
73,3,49
73,4,49
73,5,49
73,6,49
73,7,49
73,8,49
73,9,49
73,10,49
73,11,49
73,0,50
73,1,50
73,2,50
73,3,50
73,4,50
73,5,50
73,6,50
73,7,50
73,8,50
73,9,50
73,10,50
73,11,50
73,0,51
73,1,51
73,2,51
73,3,51
73,4,51
73,5,51
73,6,51
73,7,51
73,8,51
73,9,51
73,10,51
73,11,51
73,0,52
73,1,52
73,2,52
73,3,52
73,4,52
73,5,52
73,6,52
73,7,52
73,8,52
73,9,52
73,10,52
73,11,52
73,0,53
73,1,53
73,2,53
73,3,53
73,4,53
73,5,53
73,6,53
73,7,53
73,8,53
73,9,53
73,10,53
73,11,53
73,0,54
73,1,54
73,2,54
73,3,54
73,4,54
73,5,54
73,6,54
73,7,54
73,8,54
73,9,54
73,10,54
73,11,54
73,0,55
73,1,55
73,2,55
73,3,55
73,4,55
73,5,55
73,6,55
73,7,55
73,8,55
73,9,55
73,10,55
73,11,55
73,0,56
73,1,56
73,2,56
73,3,56
73,4,56
73,5,56
73,6,56
73,7,56
73,8,56
73,9,56
73,10,56
73,11,56
73,0,57
73,1,57
73,2,57
73,3,57
73,4,57
73,5,57
73,6,57
73,7,57
73,8,57
73,9,57
73,10,57
73,11,57
73,0,58
73,1,58
73,2,58
73,3,58
73,4,58
73,5,58
73,6,58
73,7,58
73,8,58
73,9,58
73,10,58
73,11,58
73,0,59
73,1,59
73,2,59
73,3,59
73,4,59
73,5,59
73,6,59
73,7,59
73,8,59
73,9,59
73,10,59
73,11,59
73,0,60
73,1,60
73,2,60
73,3,60
73,4,60
73,5,60
73,6,60
73,7,60
73,8,60
73,9,60
73,10,60
73,11,60
74,0,43
74,1,43
74,2,43
74,3,43
74,4,43
74,5,43
74,6,43
74,7,43
74,8,43
74,9,43
74,10,43
74,11,43
74,12,43
74,13,43
74,14,43
74,15,43
74,16,43
74,0,44
74,1,44
74,2,44
74,3,44
74,4,44
74,5,44
74,6,44
74,7,44
74,8,44
74,9,44
74,10,44
74,11,44
74,12,44
74,13,44
74,14,44
74,15,44
74,0,45
74,1,45
74,2,45
74,3,45
74,4,45
74,5,45
74,6,45
74,7,45
74,8,45
74,9,45
74,10,45
74,11,45
74,12,45
74,13,45
74,14,45
74,0,46
74,1,46
74,2,46
74,3,46
74,4,46
74,5,46
74,6,46
74,7,46
74,8,46
74,9,46
74,10,46
74,11,46
74,12,46
74,13,46
74,0,47
74,1,47
74,2,47
74,3,47
74,4,47
74,5,47
74,6,47
74,7,47
74,8,47
74,9,47
74,10,47
74,11,47
74,12,47
74,0,48
74,1,48
74,2,48
74,3,48
74,4,48
74,5,48
74,6,48
74,7,48
74,8,48
74,9,48
74,10,48
74,11,48
75,0,38
75,1,38
75,2,38
75,3,38
75,4,38
75,5,38
75,6,38
75,7,38
75,8,38
75,9,38
75,10,38
75,11,38
75,12,38
75,13,38
75,14,38
75,15,38
75,0,39
75,1,39
75,2,39
75,3,39
75,4,39
75,5,39
75,6,39
75,7,39
75,8,39
75,9,39
75,10,39
75,11,39
75,12,39
75,13,39
75,14,39
75,15,39
75,0,40
75,1,40
75,2,40
75,3,40
75,4,40
75,5,40
75,6,40
75,7,40
75,8,40
75,9,40
75,10,40
75,11,40
75,12,40
75,13,40
75,14,40
75,15,40
75,0,41
75,1,41
75,2,41
75,3,41
75,4,41
75,5,41
75,6,41
75,7,41
75,8,41
75,9,41
75,10,41
75,11,41
75,12,41
75,13,41
75,14,41
75,15,41
75,0,42
75,1,42
75,2,42
75,3,42
75,4,42
75,5,42
75,6,42
75,7,42
75,8,42
75,9,42
75,10,42
75,11,42
75,12,42
75,13,42
75,14,42
75,15,42
76,0,33
76,1,33
76,2,33
76,3,33
76,4,33
76,5,33
76,6,33
76,7,33
76,8,33
76,9,33
76,10,33
76,11,33
76,12,33
76,13,33
76,14,33
76,15,33
76,0,34
76,1,34
76,2,34
76,3,34
76,4,34
76,5,34
76,6,34
76,7,34
76,8,34
76,9,34
76,10,34
76,11,34
76,12,34
76,13,34
76,14,34
76,15,34
76,0,35
76,1,35
76,2,35
76,3,35
76,4,35
76,5,35
76,6,35
76,7,35
76,8,35
76,9,35
76,10,35
76,11,35
76,12,35
76,13,35
76,14,35
76,15,35
76,0,36
76,1,36
76,2,36
76,3,36
76,4,36
76,5,36
76,6,36
76,7,36
76,8,36
76,9,36
76,10,36
76,11,36
76,12,36
76,13,36
76,14,36
76,15,36
76,0,37
76,1,37
76,2,37
76,3,37
76,4,37
76,5,37
76,6,37
76,7,37
76,8,37
76,9,37
76,10,37
76,11,37
76,12,37
76,13,37
76,14,37
76,15,37
77,0,28
77,1,28
77,2,28
77,3,28
77,4,28
77,5,28
77,6,28
77,7,28
77,8,28
77,9,28
77,10,28
77,11,28
77,12,28
77,13,28
77,14,28
77,15,28
77,0,29
77,1,29
77,2,29
77,3,29
77,4,29
77,5,29
77,6,29
77,7,29
77,8,29
77,9,29
77,10,29
77,11,29
77,12,29
77,13,29
77,14,29
77,15,29
77,0,30
77,1,30
77,2,30
77,3,30
77,4,30
77,5,30
77,6,30
77,7,30
77,8,30
77,9,30
77,10,30
77,11,30
77,12,30
77,13,30
77,14,30
77,15,30
77,0,31
77,1,31
77,2,31
77,3,31
77,4,31
77,5,31
77,6,31
77,7,31
77,8,31
77,9,31
77,10,31
77,11,31
77,12,31
77,13,31
77,14,31
77,15,31
77,0,32
77,1,32
77,2,32
77,3,32
77,4,32
77,5,32
77,6,32
77,7,32
77,8,32
77,9,32
77,10,32
77,11,32
77,12,32
77,13,32
77,14,32
77,15,32
78,0,22
78,1,22
78,2,22
78,3,22
78,4,22
78,5,22
78,6,22
78,7,22
78,8,22
78,9,22
78,10,22
78,11,22
78,12,22
78,13,22
78,14,22
78,15,22
78,0,23
78,1,23
78,2,23
78,3,23
78,4,23
78,5,23
78,6,23
78,7,23
78,8,23
78,9,23
78,10,23
78,11,23
78,12,23
78,13,23
78,14,23
78,15,23
78,0,24
78,1,24
78,2,24
78,3,24
78,4,24
78,5,24
78,6,24
78,7,24
78,8,24
78,9,24
78,10,24
78,11,24
78,12,24
78,13,24
78,14,24
78,15,24
78,0,25
78,1,25
78,2,25
78,3,25
78,4,25
78,5,25
78,6,25
78,7,25
78,8,25
78,9,25
78,10,25
78,11,25
78,12,25
78,13,25
78,14,25
78,15,25
78,0,26
78,1,26
78,2,26
78,3,26
78,4,26
78,5,26
78,6,26
78,7,26
78,8,26
78,9,26
78,10,26
78,11,26
78,12,26
78,13,26
78,14,26
78,15,26
78,0,27
78,1,27
78,2,27
78,3,27
78,4,27
78,5,27
78,6,27
78,7,27
78,8,27
78,9,27
78,10,27
78,11,27
78,12,27
78,13,27
78,14,27
78,15,27
79,0,17
79,1,17
79,2,17
79,3,17
79,4,17
79,5,17
79,6,17
79,7,17
79,8,17
79,9,17
79,10,17
79,11,17
79,12,17
79,13,17
79,14,17
79,15,17
79,16,17
79,0,18
79,1,18
79,2,18
79,3,18
79,4,18
79,5,18
79,6,18
79,7,18
79,8,18
79,9,18
79,10,18
79,11,18
79,12,18
79,13,18
79,14,18
79,15,18
79,16,18
79,0,19
79,1,19
79,2,19
79,3,19
79,4,19
79,5,19
79,6,19
79,7,19
79,8,19
79,9,19
79,10,19
79,11,19
79,12,19
79,13,19
79,14,19
79,15,19
79,0,20
79,1,20
79,2,20
79,3,20
79,4,20
79,5,20
79,6,20
79,7,20
79,8,20
79,9,20
79,10,20
79,11,20
79,12,20
79,13,20
79,14,20
79,15,20
79,0,21
79,1,21
79,2,21
79,3,21
79,4,21
79,5,21
79,6,21
79,7,21
79,8,21
79,9,21
79,10,21
79,11,21
79,12,21
79,13,21
79,14,21
79,15,21
80,0,12
80,1,12
80,2,12
80,3,12
80,4,12
80,5,12
80,6,12
80,7,12
80,8,12
80,9,12
80,10,12
80,11,12
80,0,13
80,1,13
80,2,13
80,3,13
80,4,13
80,5,13
80,6,13
80,7,13
80,8,13
80,9,13
80,10,13
80,11,13
80,12,13
80,0,14
80,1,14
80,2,14
80,3,14
80,4,14
80,5,14
80,6,14
80,7,14
80,8,14
80,9,14
80,10,14
80,11,14
80,12,14
80,13,14
80,0,15
80,1,15
80,2,15
80,3,15
80,4,15
80,5,15
80,6,15
80,7,15
80,8,15
80,9,15
80,10,15
80,11,15
80,12,15
80,13,15
80,14,15
80,0,16
80,1,16
80,2,16
80,3,16
80,4,16
80,5,16
80,6,16
80,7,16
80,8,16
80,9,16
80,10,16
80,11,16
80,12,16
80,13,16
80,14,16
80,15,16
